binRange along x axis (ANG)	 density (g/L)	 temperature (K)
0.05	7.91166	178.599
0.15	268.996	233.558
0.25	2798.65	235.246
0.35	8232.29	233.902
0.45	9660.13	232.634
0.55	5970.39	235.191
0.65	2365.17	232.746
0.75	735.368	228.087
0.85	191.962	237.636
0.95	33.7286	212.169
1.05	12.9085	205.717
1.15	2.08202	284.058
1.25	1.24921	285.364
1.35	0	0
1.45	0	0
1.55	0	0
1.65	0	0
1.75	0	0
1.85	0	0
1.95	0	0
2.05	0	0
2.15	0	0
2.25	0	0
2.35	0	0
2.45	0	0
2.55	0	0
2.65	4.99684	246.933
2.75	49.1356	247.895
2.85	276.075	229.887
2.95	1053.5	231.578
3.05	2376.41	234.388
3.15	3723.89	236.024
3.25	4377.23	231.874
3.35	4380.56	233.473
3.45	3751.38	234.301
3.55	3008.1	234.501
3.65	2282.31	231.947
3.75	1715.58	240.062
3.85	1168.43	235.917
3.95	810.32	233.666
4.05	512.176	239.449
4.15	311.886	222.22
4.25	191.545	230.047
4.35	114.927	242.881
4.45	71.2049	230.936
4.55	34.5615	189.671
4.65	30.8138	239.222
4.75	18.7381	252.574
4.85	14.9905	224.604
4.95	9.16087	256.45
5.05	17.4889	208.3
5.15	19.1545	192.345
5.25	34.5615	243.3
5.35	54.1324	253.581
5.45	72.0377	219.613
5.55	141.161	222.908
5.65	285.236	241.048
5.75	518.005	231.697
5.85	927.746	229.547
5.95	1377.04	232.643
6.05	1891.72	235.82
6.15	2387.24	235.571
6.25	2611.26	234.019
6.35	2594.61	232.334
6.45	2278.97	231.276
6.55	1840.5	231.907
6.65	1522.37	233.536
6.75	1250.04	230.964
6.85	1063.91	235.305
6.95	974.8	231.62
7.05	918.585	232.567
7.15	952.314	237
7.25	971.885	232.418
7.35	1028.52	239.715
7.45	1048.92	235.075
7.55	1044.34	240.886
7.65	1046.84	236.578
7.75	945.235	229.073
7.85	891.519	239.57
7.95	851.961	234.412
8.05	742.447	230.64
8.15	697.892	239.732
8.25	617.109	229.138
8.35	605.034	234.94
8.45	590.876	231.285
8.55	539.242	233.976
8.65	540.491	234.488
8.75	592.125	230.028
8.85	623.355	224.751
8.95	731.62	230.967
9.05	794.081	235.166
9.15	881.109	235.094
9.25	1010.19	236.524
9.35	1083.06	235.165
9.45	1151.35	233.486
9.55	1262.12	239.577
9.65	1329.58	230.202
9.75	1414.1	231.381
9.85	1413.69	237.952
9.95	1395.37	233.497
10.05	1347.06	230.109
10.15	1373.71	232.159
10.25	1302.09	235.926
10.35	1162.18	236.47
10.45	1141.36	241.117
10.55	1120.96	231.226
10.65	1033.51	233.337
10.75	1018.52	228.83
10.85	1008.11	237.988
10.95	926.913	232.251
11.05	915.67	239.218
11.15	936.491	235.737
11.25	911.09	232.308
11.35	889.021	235.494
11.45	866.118	234.603
11.55	897.765	235.114
11.65	881.525	233.932
11.75	865.286	227.578
11.85	862.371	245.084
11.95	881.942	238.609
12.05	917.336	233.317
12.15	873.197	233.818
12.25	886.522	238.51
12.35	944.819	232.266
12.45	951.481	228.252
12.55	952.314	228.935
12.65	996.869	233.34
12.75	990.623	234.533
12.85	1056.83	234.086
12.95	1042.26	231.994
13.05	1049.34	233.711
13.15	1112.63	238.15
13.25	1129.7	236.471
13.35	1102.64	230.251
13.45	1119.29	231.009
13.55	1120.96	235.719
13.65	1099.72	236.908
13.75	1093.06	232.293
13.85	1087.64	229.018
13.95	1054.75	236.595
14.05	1012.28	233.99
14.15	1053.08	233.822
14.25	1057.25	236.725
14.35	1038.51	234.868
14.45	1014.77	239.988
14.55	995.203	234.574
14.65	996.453	232.921
14.75	968.554	232.927
14.85	948.983	228.983
14.95	956.061	229.557
15.05	944.402	234.373
15.15	938.989	234.372
15.25	973.55	229.759
15.35	941.904	235.472
15.45	973.967	230.882
15.55	968.137	229.463
15.65	954.812	241.539
15.75	993.538	237.807
15.85	995.62	236.274
15.95	987.708	235.838
16.05	987.292	234.23
16.15	988.124	231.513
16.25	1022.69	238.617
16.35	1007.7	240.057
16.45	1029.35	232.427
16.55	1023.52	234.255
16.65	1057.66	235.56
16.75	1034.35	239.492
16.85	1063.08	235.202
16.95	1025.6	237.172
17.05	1066.41	229.971
17.15	1056.41	239.316
17.25	1051	237.414
17.35	1016.86	232.501
17.45	1018.94	231.576
17.55	1037.26	239.892
17.65	1028.52	235.445
17.75	998.951	232.924
17.85	1023.1	235.499
17.95	998.535	236.311
18.05	968.137	233.412
18.15	1002.7	232.581
18.25	992.289	233.009
18.35	996.453	239.001
18.45	979.38	224.735
18.55	991.872	238.371
18.65	993.954	236.212
18.75	1002.7	241.119
18.85	1032.68	228.618
18.95	976.049	235.628
19.05	976.882	237.918
19.15	1006.86	233.743
19.25	997.702	233.022
19.35	1016.02	231.342
19.45	971.885	231.484
19.55	1000.62	235.514
19.65	1002.28	231.794
19.75	1024.77	237.544
19.85	1004.36	231.633
19.95	1044.34	240.317
20.05	1018.52	232.982
20.15	1045.59	234.62
20.25	1028.52	236.451
20.35	1026.85	231.317
20.45	1021.44	230.96
20.55	1008.94	233.834
20.65	1029.76	235.151
20.75	1018.11	231.63
20.85	998.118	235.648
20.95	1008.94	234.399
21.05	1002.28	243.104
21.15	1004.36	231.573
21.25	1034.76	236.743
21.35	976.465	239.033
21.45	1020.6	235.298
21.55	1022.27	228.855
21.65	1008.53	232.263
21.75	993.538	234.383
21.85	981.046	239.066
21.95	987.708	239.362
22.05	998.118	239.741
22.15	1000.62	237.495
22.25	1061.83	234.891
22.35	965.639	234.165
22.45	998.535	236.285
22.55	998.118	233.073
22.65	1015.19	243.696
22.75	987.292	242.039
22.85	998.951	233.085
22.95	1012.28	231.77
23.05	1016.44	242.74
23.15	1005.61	239.715
23.25	1015.19	236.57
23.35	993.954	238.431
23.45	1020.19	236.626
23.55	1029.76	235.379
23.65	1005.2	230.293
23.75	1016.44	235.544
23.85	1021.44	231.58
23.95	1018.94	230.689
24.05	1061.41	232.298
24.15	989.374	236.198
24.25	989.79	228.047
24.35	1002.7	246.12
24.45	1035.59	234.484
24.55	1018.11	231.58
24.65	993.538	231.448
24.75	1007.7	234.985
24.85	1018.94	227.175
24.95	1013.94	243.412
25.05	984.793	238.511
25.15	1001.45	240.399
25.25	1008.94	232.663
25.35	1020.6	237.655
25.45	1022.69	238.802
25.55	997.285	241.672
25.65	991.872	244.189
25.75	1003.95	234.85
25.85	996.036	234.295
25.95	985.626	233.622
26.05	1020.6	242.369
26.15	991.872	236.907
26.25	1008.11	237.224
26.35	954.812	234.432
26.45	999.367	237.598
26.55	1013.94	240.226
26.65	1035.18	235.171
26.75	1001.03	238.951
26.85	1007.7	234.082
26.95	1000.62	233.195
27.05	1020.19	232.829
27.15	1010.19	241.484
27.25	1052.25	235.677
27.35	978.131	229.216
27.45	1025.18	236.231
27.55	1034.76	237.269
27.65	992.289	242.17
27.75	993.538	230.418
27.85	1032.68	236.09
27.95	987.708	239.588
28.05	1022.27	230.632
28.15	971.885	237.991
28.25	1003.95	232.322
28.35	1019.77	230.861
28.45	1034.76	239.053
28.55	1013.11	235.34
28.65	1018.52	239.87
28.75	1039.34	228.639
28.85	1033.51	236.016
28.95	991.456	242.991
29.05	1008.53	235.387
29.15	976.465	239.081
29.25	1042.26	235.955
29.35	982.295	239.5
29.45	958.56	227.508
29.55	1019.35	235.402
29.65	980.213	237.107
29.75	1035.18	229.746
29.85	1014.77	238.943
29.95	1030.18	241.226
30.05	996.453	228.325
30.15	991.456	234.45
30.25	1009.36	241.684
30.35	1026.43	238.998
30.45	1003.53	237.752
30.55	1008.94	229.221
30.65	1003.11	240.364
30.75	1000.62	237.385
30.85	1023.1	237.245
30.95	988.541	235.243
31.05	1015.19	234.752
31.15	1015.61	226.707
31.25	1041.42	240.728
31.35	1007.28	231.818
31.45	999.367	227.638
31.55	988.957	237.422
31.65	997.285	239.923
31.75	1015.61	237.724
31.85	990.623	235.244
31.95	987.708	234.522
32.05	997.702	231.442
32.15	1012.28	233.385
32.25	1048.5	232.336
32.35	1005.61	231.608
32.45	991.039	235.452
32.55	1009.36	242.25
32.65	1009.78	242.478
32.75	994.371	234.283
32.85	1002.28	235.576
32.95	1015.19	240.022
33.05	1028.52	242.7
33.15	1016.86	242.448
33.25	1006.03	236.246
33.35	982.711	240.643
33.45	997.702	239.757
33.55	1011.86	238.564
33.65	1026.43	230.777
33.75	1035.59	239.59
33.85	1004.78	233.116
33.95	1021.02	235.4
34.05	987.292	233.336
34.15	1006.86	236.828
34.25	985.626	234.591
34.35	998.535	240.765
34.45	1013.94	239.634
34.55	1005.61	229.307
34.65	1008.11	236.341
34.75	1029.35	234.207
34.85	1001.45	237.414
34.95	996.036	240.089
35.05	994.371	235.458
35.15	991.872	233.1
35.25	1025.6	233.541
35.35	1052.67	239.705
35.45	979.796	239.675
35.55	978.547	239.365
35.65	972.301	236.743
35.75	1014.77	236.774
35.85	1032.68	238.966
35.95	1008.11	234.858
36.05	996.869	236.123
36.15	995.62	234.899
36.25	1040.17	234.467
36.35	1008.94	224.439
36.45	1016.44	239.437
36.55	998.118	236.047
36.65	1018.94	240.079
36.75	1021.44	235.355
36.85	980.629	231.191
36.95	985.21	235.714
37.05	998.535	240.067
37.15	1042.67	235.361
37.25	1009.36	234.198
37.35	999.367	231.021
37.45	987.708	239.731
37.55	997.285	242.729
37.65	996.869	232.695
37.75	1008.53	238.442
37.85	1005.61	236.259
37.95	1013.53	237.236
38.05	1014.77	242.721
38.15	1044.76	242.334
38.25	1001.87	235.954
38.35	981.462	231.778
38.45	995.203	231.148
38.55	1000.2	241.024
38.65	1036.43	238.223
38.75	1051	230.221
38.85	1009.78	239.223
38.95	1014.77	237.73
39.05	1000.62	234.692
39.15	977.714	239.916
39.25	1001.03	235.683
39.35	1006.86	237.787
39.45	1032.68	234.328
39.55	1028.1	240.46
39.65	996.453	233.468
39.75	961.058	236.942
39.85	986.042	236.855
39.95	1013.11	232.405
40.05	982.711	232.948
40.15	1037.68	235.081
40.25	986.042	232.356
40.35	978.964	234.009
40.45	1002.28	244.112
40.55	1033.1	234.212
40.65	1016.02	234.132
40.75	1002.7	236.833
40.85	999.367	235.828
40.95	1014.77	239.035
41.05	1023.94	233.846
41.15	1017.69	226.237
41.25	1018.52	236.333
41.35	1018.11	234.764
41.45	999.784	235.598
41.55	1025.18	228.568
41.65	993.538	237.876
41.75	1010.61	234.297
41.85	993.954	231.535
41.95	998.951	234.509
42.05	983.96	232.418
42.15	991.456	233.639
42.25	1028.52	233.833
42.35	1016.86	240.764
42.45	1006.86	242.27
42.55	989.374	234.71
42.65	1011.86	236.803
42.75	987.708	235.043
42.85	992.289	236.21
42.95	1001.87	233.72
43.05	1018.11	236.689
43.15	1033.1	230.559
43.25	1000.62	240.75
43.35	1016.02	238.812
43.45	1011.44	235.069
43.55	1006.86	230.583
43.65	993.538	240.677
43.75	990.207	230.625
43.85	966.888	238.689
43.95	1016.44	239.635
44.05	1011.44	232.549
44.15	990.207	230.45
44.25	994.371	236.991
44.35	1013.94	238.746
44.45	991.872	234.205
44.55	1008.11	231.859
44.65	1028.1	240.24
44.75	1023.52	236.665
44.85	1007.28	240.302
44.95	1001.87	240.6
45.05	1026.43	234.436
45.15	998.951	241.029
45.25	998.118	235.955
45.35	1009.36	232.904
45.45	1018.94	235.139
45.55	996.869	233
45.65	1003.53	235.73
45.75	1008.94	232.304
45.85	1000.62	235.715
45.95	985.21	230.765
46.05	1019.77	233.23
46.15	1007.28	240.759
46.25	1012.28	238.951
46.35	1008.53	241.091
46.45	998.118	234.774
46.55	992.705	237.978
46.65	1006.03	233.089
46.75	1056.41	233.53
46.85	1000.62	236.668
46.95	974.8	238.035
47.05	1003.11	239.649
47.15	1021.02	229.356
47.25	1016.44	233.736
47.35	1005.61	236.779
47.45	1009.78	243.34
47.55	984.793	228.423
47.65	992.705	237.745
47.75	997.285	244.656
47.85	1004.36	230.026
47.95	1027.27	235.297
48.05	1007.28	233.888
48.15	999.367	235.887
48.25	1007.7	231.904
48.35	991.872	235.25
48.45	999.784	233.849
48.55	1002.7	237.632
48.65	976.882	237.447
48.75	995.62	238.24
48.85	992.705	241.009
48.95	1041.42	232.499
49.05	1016.86	231.396
49.15	1003.11	245.559
49.25	1019.77	230.197
49.35	999.367	237.601
49.45	1041.84	236.934
49.55	1038.93	236.584
49.65	1023.94	238.816
49.75	972.301	233.57
49.85	977.298	237.439
49.95	953.147	244.414
50.05	994.787	238.932
50.15	1035.18	240.736
50.25	996.036	240.974
50.35	1007.7	242.864
50.45	996.869	233.883
50.55	973.55	236.021
50.65	1047.67	234.003
50.75	991.872	236.473
50.85	1003.53	241.287
50.95	1019.77	235.863
51.05	1006.45	237.482
51.15	1025.18	248.013
51.25	983.544	242.391
51.35	991.039	235.598
51.45	991.872	239.174
51.55	1029.76	236.837
51.65	1001.03	233.56
51.75	987.292	234.366
51.85	1026.02	237.54
51.95	1026.43	233.051
52.05	991.039	233.012
52.15	1003.53	241.033
52.25	1021.85	234.464
52.35	989.374	231.448
52.45	1006.03	235.975
52.55	1003.11	237.417
52.65	981.046	241.827
52.75	1000.62	236.584
52.85	998.118	233.663
52.95	1028.93	239.767
53.05	996.036	234.039
53.15	1006.03	239.085
53.25	1028.52	240.431
53.35	975.632	233.242
53.45	977.714	239.168
53.55	1040.17	228.793
53.65	996.869	236.324
53.75	1005.61	236.454
53.85	963.973	237.797
53.95	1028.1	238.373
54.05	1005.61	236.748
54.15	993.954	229.861
54.25	984.793	232.1
54.35	1032.68	242.705
54.45	1028.52	236.541
54.55	1017.69	233.973
54.65	1040.59	237.604
54.75	976.882	232.89
54.85	985.21	234.825
54.95	996.869	235.949
55.05	981.046	239.178
55.15	981.462	242.601
55.25	997.702	238.025
55.35	1053.08	231.978
55.45	982.711	238.768
55.55	987.708	232.836
55.65	1023.52	236.111
55.75	1014.36	242.092
55.85	1007.7	235.684
55.95	1056.41	228.801
56.05	993.538	235.337
56.15	997.702	242.737
56.25	993.954	237.161
56.35	999.367	233.899
56.45	1011.03	231.819
56.55	1001.45	240.232
56.65	970.636	233.167
56.75	997.285	236.168
56.85	1017.69	236.225
56.95	987.292	228.766
57.05	983.96	227.99
57.15	991.456	243.078
57.25	1011.86	233.798
57.35	977.714	236.098
57.45	1008.53	230.012
57.55	1001.45	236.503
57.65	959.809	245.644
57.75	1005.2	236.881
57.85	1018.11	241.307
57.95	1001.87	237.915
58.05	1010.61	234.006
58.15	991.039	236.35
58.25	997.285	235.581
58.35	1016.44	237.992
58.45	991.039	240.063
58.55	1025.18	235.872
58.65	1028.93	241.096
58.75	1058.08	235.561
58.85	1037.26	236.561
58.95	1046	234.393
59.05	1036.01	232.136
59.15	1023.52	234.325
59.25	1013.11	236.258
59.35	996.453	239.09
59.45	1029.76	242.962
59.55	1026.02	241.783
59.65	983.128	238.413
59.75	1026.85	238.075
59.85	996.453	236.445
59.95	1050.17	233.612
60.05	1006.03	236.349
60.15	1022.69	239.803
60.25	971.885	240.339
60.35	1007.28	231.369
60.45	1006.45	235.095
60.55	984.377	237.511
60.65	1010.19	237.022
60.75	1035.59	232.523
60.85	1023.1	231.481
60.95	1011.44	239.013
61.05	1026.43	236.572
61.15	1011.86	238.182
61.25	1028.93	231.228
61.35	1008.94	235.462
61.45	1030.18	237.743
61.55	1001.45	240.469
61.65	989.79	236.903
61.75	1001.87	233.102
61.85	980.213	238.159
61.95	1014.36	235.487
62.05	1046	236.197
62.15	1011.03	242.189
62.25	968.554	243.254
62.35	973.55	231.797
62.45	1018.94	242.736
62.55	970.636	231.847
62.65	917.336	237.613
62.75	925.664	232.702
62.85	918.169	238.115
62.95	883.607	231.11
63.05	865.286	238.964
63.15	830.724	234.998
63.25	815.734	236.626
63.35	774.51	233.557
63.45	743.279	233.444
63.55	705.803	247.172
63.65	637.513	242.185
63.75	640.012	235.421
63.85	594.624	247.209
63.95	553.4	231.874
64.05	535.078	237.737
64.15	475.532	234.004
64.25	443.886	241.694
64.35	419.318	243.193
64.45	360.189	231.291
64.55	302.725	232.719
64.65	324.378	239.018
64.75	278.574	228.975
64.85	249.425	228.891
64.95	229.438	227.739
65.05	208.202	245.291
65.15	172.807	262.711
65.25	159.482	244.046
65.35	133.665	253.174
65.45	113.678	237.377
65.55	103.268	221.097
65.65	82.0314	238.251
65.75	87.4446	247.315
65.85	60.3784	248.069
65.95	47.4699	216.249
