#Timestep Cluster size x y
2 25 2.5925597 43.184584
8 35 -5.2405388571 43.6278485714
40 25 52.550776 28.205972
49 28 15.3702428571 68.5177428571
65 26 60.9528153846 30.1352615385
76 25 24.668768 72.688384
82 32 35.95150625 70.397946875
115 33 20.7847151515 13.6922033333
131 25 43.795292 25.185664
238 26 19.1298915385 22.3188692308
239 37 16.0060381081 23.2394297297
240 38 16.4700944737 26.9796394737
242 25 14.6673064 23.239772
243 28 11.5329807143 28.8593821429
245 29 16.7864768966 24.5248931034
248 38 10.16843 13.6444801316
260 25 23.046052 33.792648
271 25 33.63088 77.213008
273 28 29.0423785714 76.3030035714
274 37 34.8470108108 8.5827518378
275 26 65.9714307692 64.5322076923
294 33 -6.967509697 51.5298454545
325 26 56.8645192308 -1.5490890769
327 30 60.4731166667 -3.0360103467
330 33 -6.93434 32.0227090909
333 28 59.9243285714 28.6790928571
335 25 69.134392 25.330908
348 43 28.553944186 55.9150790698
349 38 30.8719605263 55.5722684211
350 27 30.9464074074 52.2661703704
354 28 60.0798535714 30.6736892857
355 25 0.68774096 55.28004
357 34 60.4584588235 31.2011264706
359 32 57.928809375 29.750675
360 34 57.2243176471 30.4116588235
361 36 56.6605027778 25.8819083333
365 25 54.740808 37.798124
370 26 18.9827419231 60.1792461538
