#Timestep Cluster size x y
64 28 67.4614857143 41.3381392857
66 36 64.8268111111 43.4973305556
67 43 64.605 44.940944186
68 49 62.2078510204 43.1337489796
69 43 58.6475046512 42.6674883721
70 32 68.387478125 46.007834375
105 27 18.2337096296 66.5515074074
143 28 45.5148464286 17.1154567857
147 27 64.1771259259 25.3223777778
224 28 70.9663535714 26.5413428571
225 36 69.9597027778 28.1084472222
243 36 -6.3963445833 56.0070388889
268 30 28.8864233333 72.0533466667
307 31 9.4533312935 60.7610870968
308 35 3.8914070571 58.0540685714
309 32 5.2517802219 62.661915625
321 26 60.1116192308 38.3956269231
330 25 32.431676 67.432668
337 39 46.3030589744 72.3127512821
