   0.0000000e+00   1.0000000e+00
   2.6410000e+00   9.3333333e-01
   6.7240000e+00   8.6666667e-01
   1.3260000e+01   8.0000000e-01
   1.8510000e+01   7.3333333e-01
   1.8800000e+01   6.6666667e-01
   2.0250000e+01   6.0000000e-01
   2.3420000e+01   5.3333333e-01
   2.5380000e+01   4.6666667e-01
   2.9620000e+01   4.0000000e-01
   3.1260000e+01   3.3333333e-01
   5.4600000e+01   2.6666667e-01
   5.6490000e+01   2.0000000e-01
   6.0114354e+01   1.3333333e-01
   6.5234835e+01   6.6666667e-02
   1.0000000e+02   6.6666667e-02
