   0.0000000e+00   1.0000000e+00
   6.1984687e+00   9.3333333e-01
   3.5344206e+01   8.6666667e-01
   4.3432537e+01   8.0000000e-01
   5.2900000e+01   7.3333333e-01
   6.8237323e+01   6.6666667e-01
   7.3239548e+01   6.0000000e-01
   1.0000000e+02   6.0000000e-01
   1.0000000e+02   6.0000000e-01
   1.0000000e+02   6.0000000e-01
   1.0000000e+02   6.0000000e-01
   1.0000000e+02   6.0000000e-01
   1.0000000e+02   6.0000000e-01
   1.0000000e+02   6.0000000e-01
   1.0000000e+02   6.0000000e-01
   1.0000000e+02   6.0000000e-01
