   0.0000000e+00   1.0000000e+00
   2.8640000e+00   9.3333333e-01
   3.3980000e+00   8.6666667e-01
   4.0900000e+00   8.0000000e-01
   7.7030000e+00   7.3333333e-01
   8.0880000e+00   6.6666667e-01
   1.1190000e+01   6.0000000e-01
   1.4420000e+01   5.3333333e-01
   2.0720000e+01   4.6666667e-01
   2.8000000e+01   4.0000000e-01
   3.3120000e+01   3.3333333e-01
   3.9230000e+01   2.6666667e-01
   7.0490000e+01   2.0000000e-01
   8.9640000e+01   1.3333333e-01
   9.6230000e+01   6.6666667e-02
   1.0000000e+02   6.6666667e-02
