#Timestep Cluster size x y
56 25 30.994956 42.55362
66 25 48.249072 -8.0385976
68 30 58.2323166667 77.9294936667
96 27 5.4595605556 23.9328222222
98 32 6.3055822812 17.416216875
138 36 55.1060305556 36.1275166667
140 31 49.9321258065 38.8934645161
218 27 56.6444296296 16.8455366667
224 26 -4.7133223077 16.9231426923
228 27 27.8775148148 11.109562963
236 27 66.4155814815 69.5537074074
240 30 59.6824133333 4.4197138367
244 35 -1.2534677429 20.5854142857
310 31 16.9509612903 55.2210387097
318 37 15.652567027 52.1969243243
336 27 54.2012814815 44.771
384 26 -5.7227588462 30.7151653846
