5.04999	0	0	nan	
5.14996	0	0	nan	
5.24993	0	0	nan	
5.34991	0	0	nan	
5.44988	0	0	nan	
5.54985	0	0	nan	
5.64983	0	0	nan	
5.7498	0	0	nan	
5.84977	0	0	nan	
5.94975	0	0	nan	
6.04972	0.0066927	7.52929	250.752	
6.14969	0.25974	64.0259	232.944	
6.24967	2.70959	-10.5896	236.767	
6.34964	8.19218	251.722	234.73	
6.44961	9.71907	-308.408	236.673	
6.54959	6.09736	55.7725	237.219	
6.64956	2.38706	118.666	239.191	
6.74953	0.693491	-292.644	238.479	
6.84951	0.176878	135.173	241.913	
6.94948	0.0337822	13.0954	249.669	
7.04945	0.00987969	10.9651	209.048	
7.14942	0.003187	-1.67128	251.677	
7.2494	0.0003187	0.56243	85.794	
7.34937	0	0	nan	
7.44934	0	0	nan	
7.54932	0	0	nan	
7.64929	0	0	nan	
7.74926	0	0	nan	
7.84924	0	0	nan	
7.94921	0	0	nan	
8.04918	0	0	nan	
8.14916	0	0	nan	
8.24913	0	0	nan	
8.3491	0	0	nan	
8.44908	0	0	nan	
8.54905	0	0	nan	
8.64902	0.0022309	1.76181	146.555	
8.749	0.0481237	-58.4383	253.244	
8.84897	0.29161	43.9267	241.092	
8.94894	1.04597	127.655	236.732	
9.04892	2.32045	183.042	237.227	
9.14889	3.53757	-372.097	237.244	
9.24886	4.1925	169.576	238.534	
9.34884	4.11537	9.39121	236.866	
9.44881	3.88176	-137.063	237.535	
9.54878	3.3387	132.439	236.028	
9.64876	2.7252	26.8376	239.238	
9.74873	2.04255	259.596	233.849	
9.8487	1.33185	-224.524	237.847	
9.94868	0.78687	-229.682	235.701	
10.0486	0.38977	-234.24	236.091	
10.1486	0.158394	-45.721	243.984	
10.2486	0.0557725	-41.8517	218.123	
10.3486	0.0175285	-3.94831	229.108	
10.4485	0.0035057	17.298	233.359	
10.5485	0.0015935	-7.72139	147.891	
10.6485	0.0003187	0.853508	221.623	
10.7485	0.000956099	3.40859	62.0676	
10.8484	0	0	nan	
10.9484	0.0003187	-3.46846	166.933	
11.0484	0	0	nan	
11.1484	0	0	nan	
11.2483	0.000956099	-1.76572	167.383	
11.3483	0.0003187	-4.0268	206.936	
11.4483	0.003187	-0.352968	282.88	
11.5482	0.0114732	19.3576	221.594	
11.6482	0.0379253	-19.101	248.533	
11.7482	0.129073	14.7539	248.492	
11.8482	0.379571	36.8663	245.994	
11.9481	0.922955	-92.4087	236.707	
12.0481	1.74042	-56.068	234.367	
12.1481	2.60951	-147.705	236.389	
12.2481	3.02542	-430.117	236.209	
12.348	2.91833	266.53	236.993	
12.448	2.24046	282.698	239.227	
12.548	1.53932	190.707	241.488	
12.648	1.06733	122.727	235.372	
12.7479	0.998486	-133.008	241.427	
12.8479	1.25249	57.9916	240.863	
12.9479	1.85165	264.932	236.927	
13.0478	2.46897	49.0761	237.759	
13.1478	2.85523	66.4096	236.247	
13.2478	2.75038	113.139	236.631	
13.3478	2.22516	172.448	235.723	
13.4477	1.52052	-196.455	231.932	
13.5477	0.929966	-63.0931	238.754	
13.6477	0.488248	-65.769	229.592	
13.7477	0.226914	27.5583	244.865	
13.8476	0.0873237	-20.2856	233.069	
13.9476	0.0341009	-20.5569	241.33	
14.0476	0.00892359	6.7593	261.951	
14.1476	0.0028683	-11.3154	347.274	
14.2475	0.0006374	-1.02952	129.998	
14.3475	0.0003187	0.876258	143.882	
14.4475	0	0	nan	
14.5474	0	0	nan	
14.6474	0	0	nan	
14.7474	0	0	nan	
14.8474	0.0003187	0.371774	179.882	
14.9473	0.000956099	3.46819	267.155	
15.0473	0.0060553	-17.4196	203.488	
15.1473	0.0203968	-19.4288	228.272	
15.2473	0.0736197	-25.6076	220.861	
15.3472	0.225321	-18.5809	227.048	
15.4472	0.515338	-8.14871	244.372	
15.5472	1.11577	-129.932	236.802	
15.6472	1.90997	-105.576	241.212	
15.7471	2.65477	-244.114	239.944	
15.8471	3.08119	-99.9184	239.716	
15.9471	2.89029	-28.5884	237.263	
16.047	2.29432	332.871	238.68	
16.147	1.53167	117.129	235.591	
16.247	1.05012	-20.7991	232.916	
16.347	0.967254	-146.515	233.968	
16.4469	1.2936	65.5162	239.319	
16.5469	1.91156	-123.935	236.494	
16.6469	2.70735	118.874	235.511	
16.7469	3.07195	-24.4636	237.263	
16.8468	2.87117	-11.2187	235.605	
16.9468	2.25416	-274.252	234.909	
17.0468	1.41694	-78.7529	238.035	
17.1468	0.764879	-248.049	237.84	
17.2467	0.348658	32.6787	241.514	
17.3467	0.130986	-7.44258	237.667	
17.4467	0.0455741	13.0985	214.051	
17.5466	0.0108358	-13.9553	272.961	
17.6466	0.0035057	10.9104	239.86	
17.7466	0.0003187	0.374285	87.6419	
17.8466	0	0	nan	
17.9465	0	0	nan	
18.0465	0	0	nan	
18.1465	0	0	nan	
18.2465	0	0	nan	
18.3464	0	0	nan	
18.4464	0	0	nan	
18.5464	0.0012748	3.34531	200.6	
18.6463	0.0047805	-4.39923	239.68	
18.7463	0.0175285	-9.19545	241.243	
18.8463	0.0694766	-3.04253	231.797	
18.9463	0.184527	51.2959	241.258	
19.0462	0.526492	-95.7119	239.621	
19.1462	1.1215	-41.3	234.154	
19.2462	1.90519	-165.562	235.591	
19.3462	2.66911	-200.023	239.613	
19.4461	3.11402	106.105	238.914	
19.5461	2.94351	362.028	236.327	
19.6461	2.28986	257.038	236.335	
19.7461	1.51478	-97.0715	235.576	
19.846	1.00741	263.062	237.311	
19.946	0.893953	-54.1105	232.095	
20.046	1.21807	-227.1	235.476	
20.1459	1.95586	252.46	237.591	
20.2459	2.75038	-124.492	241.845	
20.3459	3.16086	-386.001	237.889	
20.4459	2.98909	308.165	240.417	
20.5458	2.27424	-177.473	234.324	
20.6458	1.42905	-162.732	235.549	
20.7458	0.708151	48.5394	236.398	
20.8458	0.280137	36.0339	228.507	
20.9457	0.101347	-7.48348	237.959	
21.0457	0.0296391	14.7355	225.354	
21.1457	0.00764879	-6.68662	240.885	
21.2457	0.000956099	0.78712	551.696	
21.3456	0.0003187	-0.0180299	1.47868	
21.4456	0	0	nan	
21.5456	0	0	nan	
21.6455	0	0	nan	
21.7455	0	0	nan	
21.8455	0	0	nan	
21.9455	0	0	nan	
22.0454	0	0	nan	
22.1454	0.0006374	1.14702	177.902	
22.2454	0.0015935	-9.81278	191.545	
22.3454	0.0156163	12.0627	234.409	
22.4453	0.0602343	-19.5118	222.499	
22.5453	0.17656	-20.2702	238.008	
22.6453	0.501952	-112.09	223.408	
22.7453	1.07434	76.6905	233.249	
22.8452	1.93005	222.186	234.821	
22.9452	2.74114	370.579	236.599	
23.0452	3.17011	295.741	235.611	
23.1451	3.01394	336.022	235.245	
23.2451	2.31631	-55.4337	237.313	
23.3451	1.4947	153.295	241.396	
23.4451	0.924867	-56.0635	242.704	
23.545	0.837224	-267.955	236.716	
23.645	1.21265	-66.0285	237.787	
23.745	1.98646	328.886	241.141	
23.845	2.76536	392.2	233.641	
23.9449	3.19656	-107.627	238.223	
24.0449	3.02159	-128.999	235.72	
24.1449	2.24237	-389.352	232.094	
24.2449	1.39591	8.50956	238.019	
24.3448	0.687435	-7.87775	224.057	
24.4448	0.275994	36.5091	234.319	
24.5448	0.0943351	-6.18892	235.465	
24.6447	0.0280456	-5.82433	245.794	
24.7447	0.003187	-2.3256	159.965	
24.8447	0	0	nan	
24.9447	0	0	nan	
25.0446	0	0	nan	
25.1446	0	0	nan	
25.2446	0	0	nan	
25.3446	0	0	nan	
25.4445	0	0	nan	
25.5445	0	0	nan	
25.6445	0	0	nan	
25.7445	0.000956099	5.62768	233.545	
25.8444	0.0041431	-0.219333	213.449	
25.9444	0.0137041	-10.4631	279.421	
26.0444	0.0544977	-4.90723	243.642	
26.1443	0.181978	25.7017	235.406	
26.2443	0.480599	90.7709	235.554	
26.3443	1.09951	231.019	235.703	
26.4443	1.96542	37.9249	238.29	
26.5442	2.75771	-252.239	240.076	
26.6442	3.17648	-381.051	235.531	
26.7442	3.02032	-254.967	238.778	
26.8442	2.29559	236.703	238.318	
26.9441	1.4606	64.551	235.448	
27.0441	0.932834	146.909	237.328	
27.1441	0.83818	92.0733	234.762	
27.244	1.24261	-149.087	237.034	
27.344	1.95267	-116.182	237.076	
27.444	2.77524	-34.9051	240.822	
27.544	3.28611	10.4392	235.27	
27.6439	2.97889	108.336	233.273	
27.7439	2.24906	310.119	238.247	
27.8439	1.3736	-137.993	239.238	
27.9439	0.658115	-14.5003	240.516	
28.0438	0.264202	170.215	250.815	
28.1438	0.0793562	33.2644	221.801	
28.2438	0.0216716	-20.2857	249.9	
28.3438	0.0044618	6.85787	214.243	
28.4437	0.0006374	-3.60991	341.353	
28.5437	0	0	nan	
28.6437	0	0	nan	
28.7436	0	0	nan	
28.8436	0	0	nan	
28.9436	0	0	nan	
29.0436	0	0	nan	
29.1435	0	0	nan	
29.2435	0	0	nan	
29.3435	0.0006374	-0.20221	178.304	
29.4435	0.0019122	0.397231	430.112	
29.5434	0.0140228	-22.0708	187.206	
29.6434	0.0522668	-11.846	215.457	
29.7434	0.183252	63.4944	225.83	
29.8434	0.511513	-168.775	236.571	
29.9433	1.08613	-34.6263	234.596	
30.0433	1.96032	-264.473	236.675	
30.1433	2.74146	-530.325	236.319	
30.2432	3.24946	-265.461	238.108	
30.3432	3.00948	99.7504	235.67	
30.4432	2.28763	2.93174	241.291	
30.5432	1.46825	-29.9056	238.656	
30.6431	0.889172	-31.1648	238.407	
30.7431	0.835312	160.021	237.086	
30.8431	1.23432	345.574	230.248	
30.9431	1.95044	302.967	230.671	
31.043	2.82241	72.5516	237.313	
31.143	3.26221	45.8923	235.499	
31.243	3.01044	-69.5155	237.773	
31.343	2.26086	264.846	234.706	
31.4429	1.3328	81.434	234.086	
31.5429	0.643136	146.881	236.311	
31.6429	0.25974	-4.98213	236.95	
31.7428	0.0780814	-11.3611	235.02	
31.8428	0.0181659	-0.00257106	269.505	
31.9428	0.0050992	6.88733	167.537	
32.0428	0.0003187	-3.16084	158.612	
32.1427	0	0	nan	
32.2427	0	0	nan	
32.3427	0.0003187	2.25273	239.172	
32.4427	0	0	nan	
32.5426	0	0	nan	
32.6426	0	0	nan	
32.7426	0	0	nan	
32.8426	0.0003187	5.45864	499.596	
32.9425	0	0	nan	
33.0425	0.0015935	3.44765	484.153	
33.1425	0.0114732	-24.3501	238.084	
33.2424	0.0544977	3.11708	242.371	
33.3424	0.176878	-23.7681	235.419	
33.4424	0.532229	-75.5617	236.538	
33.5424	1.10908	214.733	238.772	
33.6423	1.97753	-218.667	241.439	
33.7423	2.86065	19.8575	237.067	
33.8423	3.17489	-67.65	238.258	
33.9423	2.95562	101.982	237.269	
34.0422	2.28571	533.731	234.591	
34.1422	1.43989	49.6092	239.746	
34.2422	0.899689	-103.711	233.439	
34.3422	0.837862	-9.10276	238.105	
34.4421	1.25823	30.1092	241.438	
34.5421	1.98199	181.897	233.538	
34.6421	2.81635	59.8713	236.69	
34.742	3.23321	-365.995	240.588	
34.842	3.04996	-672.623	236.323	
34.942	2.1764	155.702	231.395	
35.042	1.33567	-6.69283	246.64	
35.1419	0.625926	-54.8994	240.521	
35.2419	0.26707	25.4098	231.316	
35.3419	0.0819058	57.4611	230.826	
35.4419	0.0197594	10.8383	176.192	
35.5418	0.003187	-0.812636	208.065	
35.6418	0.0015935	-6.76181	187.145	
35.7418	0	0	nan	
35.8417	0	0	nan	
35.9417	0	0	nan	
36.0417	0	0	nan	
36.1417	0	0	nan	
36.2416	0	0	nan	
36.3416	0	0	nan	
36.4416	0	0	nan	
36.5416	0.0006374	-3.27708	191.568	
36.6415	0.0038244	-0.283163	233.706	
36.7415	0.015935	-24.2443	272.174	
36.8415	0.0490798	-17.2576	271.751	
36.9415	0.184527	-36.2492	241.074	
37.0414	0.540196	-108.592	233.695	
37.1414	1.11959	-160.387	237.128	
37.2414	1.98168	-266.851	235.209	
37.3413	2.85077	-221.401	237.501	
37.4413	3.20261	187.972	234.214	
37.5413	2.99801	-165.957	238.096	
37.6413	2.23281	214.448	238.18	
37.7412	1.40037	-20.2828	242.469	
37.8412	0.911481	17.9377	233.833	
37.9412	0.851885	-81.5418	239.231	
38.0412	1.29806	41.5423	233.242	
38.1411	2.00908	-32.9168	234.129	
38.2411	2.8275	164.314	233.128	
38.3411	3.22492	-409.641	237.816	
38.4411	2.96837	-91.2619	232.521	
38.541	2.23632	-235.3	239.487	
38.641	1.28787	235.748	241.67	
38.741	0.620827	128.137	237.812	
38.8409	0.24763	-90.9864	236.881	
38.9409	0.0739384	17.4043	234.131	
39.0409	0.0239025	44.9965	240.883	
39.1409	0.0066927	-9.50249	178.347	
39.2408	0.0006374	-3.48318	205.593	
39.3408	0	0	nan	
39.4408	0	0	nan	
39.5408	0	0	nan	
39.6407	0	0	nan	
39.7407	0	0	nan	
39.8407	0	0	nan	
39.9407	0	0	nan	
40.0406	0.0003187	2.05439	148.054	
40.1406	0.0006374	-3.146	234.289	
40.2406	0.0019122	1.66908	197.013	
40.3405	0.0156163	6.65533	164.976	
40.4405	0.0583221	-31.0525	229.873	
40.5405	0.188352	-8.89966	245.364	
40.6405	0.538921	-101.134	232.036	
40.7404	1.1521	-14.314	236.216	
40.8404	2.05561	-87.6572	233.437	
40.9404	2.8581	21.0438	239.95	
41.0404	3.20676	142.031	236.698	
41.1403	2.91706	108.315	237.913	
41.2403	2.16875	-211.026	239.444	
41.3403	1.44945	-227.805	239.613	
41.4403	0.896503	187.45	237.093	
41.5402	0.894272	35.2027	235.651	
41.6402	1.27129	349.006	239.002	
41.7402	2.05275	-94.5794	238.506	
41.8401	2.86862	50.9813	238.215	
41.9401	3.25998	-321.224	235.018	
42.0401	2.85428	-210.354	238.255	
42.1401	2.17481	29.4147	234.426	
42.24	1.30253	174.33	235.479	
42.34	0.620508	145.905	241.741	
42.44	0.257509	47.4641	238.222	
42.54	0.0771253	-7.7818	235.388	
42.6399	0.0213529	15.2573	257.166	
42.7399	0.0054179	-6.44893	262.093	
42.8399	0.0003187	-2.54933	1058.26	
42.9399	0	0	nan	
43.0398	0	0	nan	
43.1398	0	0	nan	
43.2398	0	0	nan	
43.3397	0	0	nan	
43.4397	0	0	nan	
43.5397	0	0	nan	
43.6397	0	0	nan	
43.7396	0	0	nan	
43.8396	0.0019122	4.85725	190.284	
43.9396	0.0165724	14.8904	262.258	
44.0396	0.0627839	3.92586	242.034	
44.1395	0.227233	47.2115	240.792	
44.2395	0.573341	-5.80292	237.097	
44.3395	1.17855	-24.1701	237.439	
44.4394	2.05179	24.1466	239.283	
44.5394	2.85459	-237.198	235.773	
44.6394	3.17712	64.8803	239.502	
44.7394	2.88678	98.1431	233.25	
44.8393	2.16939	2.37168	234.838	
44.9393	1.41152	182.866	238.405	
45.0393	0.932197	81.3384	236.049	
45.1393	0.899689	-9.16996	239.98	
45.2392	1.3328	-5.43071	233.935	
45.3392	2.08908	177.638	237.29	
45.4392	2.87499	-234.133	235.499	
45.5392	3.2246	-255.868	237.388	
45.6391	2.89316	134.199	236.14	
45.7391	2.1219	25.517	237.281	
45.8391	1.25026	-9.88125	235.429	
45.939	0.597562	-35.1002	240.255	
46.039	0.2352	146.498	232.901	
46.139	0.0771253	30.9697	245.301	
46.239	0.0242212	17.8843	230.132	
46.3389	0.0038244	-12.9218	245.278	
46.4389	0.0003187	0.797167	116.923	
46.5389	0.0006374	1.21687	305.575	
46.6389	0	0	nan	
46.7388	0	0	nan	
46.8388	0	0	nan	
46.9388	0	0	nan	
47.0388	0	0	nan	
47.1387	0	0	nan	
47.2387	0.0003187	1.30161	25.1226	
47.3387	0.0006374	-2.64709	121.753	
47.4386	0.0050992	18.4054	279.839	
47.5386	0.0213529	37.9891	279.35	
47.6386	0.0707514	-14.8732	237.721	
47.7386	0.246992	-67.4143	229.054	
47.8385	0.589913	137.445	233.546	
47.9385	1.21297	-54.3801	237.587	
48.0385	2.07346	151.655	237.935	
48.1385	2.87499	60.0676	236.029	
48.2384	3.17074	-60.0765	236.08	
48.3384	2.91802	583.186	237.026	
48.4384	2.13338	14.4163	235.336	
48.5384	1.39112	-311.695	235.654	
48.6383	0.93634	-108.825	241.376	
48.7383	0.913394	32.0394	239.983	
48.8383	1.40515	-103.153	239.983	
48.9382	2.13624	379.229	239.453	
49.0382	2.82049	239.452	238.567	
49.1382	3.13154	-126.01	237.964	
49.2382	2.86161	121.295	235.649	
49.3381	2.04542	-309.974	236.799	
49.4381	1.24452	-9.71496	236.979	
49.5381	0.622739	-161.182	243.071	
49.6381	0.23775	-25.577	241.844	
49.738	0.0764879	-31.4999	219.383	
49.838	0.022309	39.685	202.58	
49.938	0.0047805	10.8735	238.028	
50.038	0.0006374	4.14337	137.575	
50.1379	0	0	nan	
50.2379	0	0	nan	
50.3379	0	0	nan	
50.4378	0	0	nan	
50.5378	0	0	nan	
50.6378	0	0	nan	
50.7378	0	0	nan	
50.8377	0	0	nan	
50.9377	0.000956099	6.31911	281.651	
51.0377	0.0057366	8.1652	274.763	
51.1377	0.0274082	6.00368	256.123	
51.2376	0.093379	11.3886	225.597	
51.3376	0.258147	81.0133	236.362	
51.4376	0.662258	-7.02562	232.407	
51.5376	1.285	-20.5846	237.201	
51.6375	2.10692	4.18583	240.615	
51.7375	2.82145	471.321	238.537	
51.8375	3.14525	-153.615	234.206	
51.9374	2.84216	4.76875	234.611	
52.0374	2.05657	7.69512	238.288	
52.1374	1.38921	-275.985	238.774	
52.2374	0.965342	-96.2107	241.472	
52.3373	0.967573	-35.5523	240.199	
52.4373	1.44403	339.023	240.157	
52.5373	2.13465	162.991	237.231	
52.6373	2.80934	187.452	239.152	
52.7372	3.12453	-303.155	238.036	
52.8372	2.78767	-478.222	234.762	
52.9372	1.98773	160.791	234.385	
53.0371	1.25185	-62.6614	242.997	
53.1371	0.612541	-47.6256	234.242	
53.2371	0.26484	-15.0227	233.956	
53.3371	0.0959286	16.9444	221.264	
53.437	0.0232651	15.0958	199.773	
53.537	0.0050992	2.79827	210.416	
53.637	0.0003187	-2.71383	166.725	
53.737	0	0	nan	
53.8369	0	0	nan	
53.9369	0	0	nan	
54.0369	0	0	nan	
54.1369	0	0	nan	
54.2368	0	0	nan	
54.3368	0	0	nan	
54.4368	0.0003187	-3.50517	484.403	
54.5367	0.0019122	-6.16143	214.951	
54.6367	0.00764879	16.6871	222.451	
54.7367	0.0341009	26.0052	213.745	
54.8367	0.104215	-31.3961	231.013	
54.9366	0.304358	59.8733	235.864	
55.0366	0.689348	-153.824	232.813	
55.1366	1.31113	-10.1462	239.848	
55.2366	2.14995	285.563	235.567	
55.3365	2.78958	66.3198	237.666	
55.4365	3.05378	46.2841	238.961	
55.5365	2.72233	-61.7347	237.798	
55.6365	2.06167	66.184	236.119	
55.7364	1.4179	-230.938	239	
55.8364	1.01092	227.066	239.381	
55.9364	1.05075	-117.387	235.856	
56.0363	1.48004	55.4216	234.77	
56.1363	2.19648	-124.841	237.606	
56.2363	2.75229	-356.785	237.43	
56.3363	3.03211	219.363	239.211	
56.4362	2.72425	-47.909	239.302	
56.5362	2.04095	-121.3	234.525	
56.6362	1.24452	-65.5207	238.158	
56.7362	0.602024	224.719	239.15	
56.8361	0.267708	-20.4581	240.279	
56.9361	0.083818	32.3324	237.605	
57.0361	0.0280456	26.664	248.529	
57.1361	0.0054179	10.4337	212.023	
57.236	0.0012748	-4.79285	377.604	
57.336	0.0003187	-3.63277	643.337	
57.436	0	0	nan	
57.5359	0	0	nan	
57.6359	0	0	nan	
57.7359	0	0	nan	
57.8359	0	0	nan	
57.9358	0	0	nan	
58.0358	0	0	nan	
58.1358	0.0019122	3.86673	245.286	
58.2358	0.00987969	-27.3908	257.565	
58.3357	0.0392001	38.2562	240.701	
58.4357	0.123337	85.2923	233.895	
58.5357	0.346427	40.046	224.376	
58.6357	0.730779	140.28	241.66	
58.7356	1.36977	-292.206	232.858	
58.8356	2.11139	433.566	237.572	
58.9356	2.7934	74.3243	239.725	
59.0355	2.9945	3.97761	238.092	
59.1355	2.65318	89.4178	238.724	
59.2355	2.12063	-202.082	238.339	
59.3355	1.42363	41.5042	231.92	
59.4354	1.09888	215.913	234.433	
59.5354	1.08677	-16.0053	236.548	
59.6354	1.51319	-76.2874	231.077	
59.7354	2.1509	-134.272	232.016	
59.8353	2.74146	143.748	236.956	
59.9353	2.90527	-194.717	236.383	
60.0353	2.60569	22.0396	236.464	
60.1353	2.00143	69.195	238.301	
60.2352	1.26715	-247.575	235.922	
60.3352	0.662577	-119.661	245.738	
60.4352	0.276313	-8.82441	248.339	
60.5351	0.105808	-70.3939	239.336	
60.6351	0.0274082	-12.1385	221.23	
60.7351	0.006374	-6.45141	211.396	
60.8351	0.0019122	3.64368	310.894	
60.935	0	0	nan	
61.035	0	0	nan	
61.135	0	0	nan	
61.235	0	0	nan	
61.3349	0	0	nan	
61.4349	0	0	nan	
61.5349	0.0003187	1.51068	183.641	
61.6348	0.000956099	-5.89728	171.351	
61.7348	0.006374	13.1774	208.383	
61.8348	0.0175285	35.7944	225.593	
61.9348	0.0599156	-7.07729	242.847	
62.0347	0.167955	-8.10319	240.661	
62.1347	0.388814	66.2864	247.181	
62.2347	0.811728	308.153	228.263	
62.3347	1.40196	-231.14	238.283	
62.4346	2.08493	194.381	239.445	
62.5346	2.68536	72.8381	238.875	
62.6346	2.86798	-79.4147	235.956	
62.7346	2.65349	-28.7661	236.679	
62.8345	2.07824	-322.941	238.313	
62.9345	1.48928	-119.135	238.838	
63.0345	1.1674	39.739	238.068	
63.1344	1.20947	57.1023	235.434	
63.2344	1.59191	157.631	236.266	
63.3344	2.1372	87.8709	233.792	
63.4344	2.57414	-72.7442	236.124	
63.5343	2.82527	186.187	235.561	
63.6343	2.4865	467.176	235.829	
63.7343	1.91666	227.174	234.442	
63.8343	1.28309	107.706	236.616	
63.9342	0.717712	-156.612	237.38	
64.0342	0.353438	-47.7362	229.93	
64.1342	0.130348	39.9195	234.415	
64.2342	0.0430245	17.9052	230.664	
64.3341	0.0140228	2.83957	226.354	
64.4341	0.0035057	5.27758	225.278	
64.5341	0.0003187	0.141668	21.4464	
64.634	0.0003187	-5.06867	354.967	
64.734	0	0	nan	
64.834	0	0	nan	
64.934	0	0	nan	
65.0339	0.0006374	4.77615	233.663	
65.1339	0.0006374	-3.51278	362.931	
65.2339	0.0035057	16.4134	258.518	
65.3339	0.0108358	-6.34352	260.727	
65.4338	0.0376066	30.7644	238.246	
65.5338	0.0994343	38.3525	242.855	
65.6338	0.228826	-12.4003	225.088	
65.7338	0.481237	127.357	235.4	
65.8337	0.910525	-228.826	241.624	
65.9337	1.41853	145.466	236.603	
66.0337	2.04446	160.126	236.659	
66.1336	2.50785	213.371	235.405	
66.2336	2.65509	-74.4358	232.476	
66.3336	2.51868	28.5563	239.028	
66.4336	2.03267	54.2952	227.659	
66.5335	1.6464	31.2373	237.52	
66.6335	1.37519	-87.0182	239.676	
66.7335	1.37391	-69.0878	235.279	
66.8335	1.71014	-172.153	239.965	
66.9334	2.05721	-156.068	233.906	
67.0334	2.45558	-713.781	232.913	
67.1334	2.54067	68.3773	241.529	
67.2334	2.32205	-103.194	236.817	
67.3333	1.88065	45.7265	235.416	
67.4333	1.30508	-185.308	233.043	
67.5333	0.77221	-47.0836	236.04	
67.6332	0.443949	5.987	234.479	
67.7332	0.196	31.767	233.065	
67.8332	0.0892359	-99.6459	241.213	
67.9332	0.03187	-11.9591	209.417	
68.0331	0.0124293	20.9638	179.006	
68.1331	0.0022309	4.33856	211.402	
68.2331	0.0028683	-4.18543	242.731	
68.3331	0.000956099	4.67223	287.293	
68.433	0.0012748	-3.43378	242.452	
68.533	0.000956099	-4.37209	283.862	
68.633	0.0025496	-21.0638	264.769	
68.733	0.00828619	-17.8958	249.623	
68.8329	0.0162537	11.3765	214.663	
68.9329	0.0493985	27.629	239.326	
69.0329	0.111545	51.8941	242.407	
69.1328	0.235838	-88.4502	237.223	
69.2328	0.438212	-3.89201	235.197	
69.3328	0.778902	-168.308	232.242	
69.4328	1.1658	-86.7207	233.874	
69.5327	1.65437	-79.6237	231.589	
69.6327	2.09067	6.7066	235.075	
69.7327	2.47375	-56.9014	239.924	
69.8327	2.65381	48.3835	233.713	
69.9326	2.6178	281.271	236.457	
70.0326	2.3042	-178.667	233.488	
70.1326	1.93355	-33.2468	233.733	
70.2325	1.66043	160.5	234.429	
70.3325	1.50012	112.508	238.269	
70.4325	1.53263	75.7228	239.933	
70.5325	1.65469	70.8505	234.361	
70.6324	1.60784	-266.344	239.935	
70.7324	1.6515	-85.5746	238.789	
70.8324	1.4963	-106.758	234.796	
70.9324	1.26747	217.993	234.993	
71.0323	0.976177	-189.917	236.168	
71.1323	0.696359	128.047	236.811	
71.2323	0.455422	20.9541	251.141	
71.3323	0.272807	-47.3974	239.025	
71.4322	0.150108	15.9078	248.552	
71.5322	0.0850928	-39.009	208.58	
71.6322	0.0551351	21.06	222.398	
71.7321	0.0296391	32.0622	245.24	
71.8321	0.0178472	45.6255	234.806	
71.9321	0.0124293	5.99422	194.001	
72.0321	0.00828619	-5.2092	187.8	
72.132	0.00892359	-10.8683	246.092	
72.232	0.0121106	-5.03316	242.749	
72.332	0.0101984	-13.146	258.492	
72.432	0.0111545	2.1935	323.483	
72.5319	0.00956099	10.9565	216.191	
72.6319	0.0133854	26.8919	243.178	
72.7319	0.00987969	-5.40232	301.55	
72.8319	0.00956099	-21.5867	208.873	
72.9318	0.0152976	-26.437	252.041	
73.0318	0.0121106	-13.7367	233.457	
73.1318	0.00764879	16.1704	207.969	
73.2317	0.00764879	2.85914	207.3	
73.3317	0.0108358	32.3709	284.152	
73.4317	0.0050992	-8.00247	201.917	
73.5317	0.0050992	-18.7419	264.793	
73.6316	0.003187	-7.98699	247.171	
73.7316	0.0019122	-6.98247	289.917	
73.8316	0.0003187	-0.723008	34.7469	
73.9316	0.0012748	-2.74385	284.032	
74.0315	0.0003187	-1.76286	72.0746	
74.1315	0	0	nan	
74.2315	0	0	nan	
74.3315	0	0	nan	
74.4314	0	0	nan	
74.5314	0	0	nan	
74.6314	0	0	nan	
74.7313	0	0	nan	
74.8313	0	0	nan	
74.9313	0	0	nan	
75.0313	0	0	nan	
75.1312	0	0	nan	
75.2312	0	0	nan	
75.3312	0	0	nan	
75.4312	0	0	nan	
75.5311	0	0	nan	
75.6311	0	0	nan	
75.7311	0	0	nan	
75.8311	0	0	nan	
75.931	0	0	nan	
76.031	0	0	nan	
76.131	0	0	nan	
76.2309	0	0	nan	
76.3309	0	0	nan	
76.4309	0	0	nan	
76.5309	0	0	nan	
76.6308	0	0	nan	
76.7308	0	0	nan	
76.8308	0	0	nan	
76.9308	0	0	nan	
77.0307	0	0	nan	
77.1307	0	0	nan	
77.2307	0	0	nan	
77.3307	0	0	nan	
77.4306	0	0	nan	
77.5306	0	0	nan	
77.6306	0	0	nan	
77.7305	0	0	nan	
77.8305	0	0	nan	
77.9305	0	0	nan	
78.0305	0	0	nan	
78.1304	0	0	nan	
78.2304	0	0	nan	
78.3304	0	0	nan	
78.4304	0	0	nan	
78.5303	0	0	nan	
78.6303	0	0	nan	
78.7303	0	0	nan	
78.8302	0	0	nan	
78.9302	0	0	nan	
79.0302	0	0	nan	
79.1302	0	0	nan	
79.2301	0	0	nan	
79.3301	0	0	nan	
79.4301	0	0	nan	
79.5301	0	0	nan	
79.63	0	0	nan	
79.73	0	0	nan	
79.83	0	0	nan	
79.93	0	0	nan	
80.0299	0	0	nan	
80.1299	0	0	nan	
80.2299	0	0	nan	
80.3298	0	0	nan	
80.4298	0	0	nan	
80.5298	0	0	nan	
80.6298	0	0	nan	
80.7297	0	0	nan	
80.8297	0	0	nan	
80.9297	0	0	nan	
81.0297	0	0	nan	
81.1296	0	0	nan	
81.2296	0	0	nan	
81.3296	0	0	nan	
81.4296	0	0	nan	
81.5295	0	0	nan	
81.6295	0	0	nan	
81.7295	0	0	nan	
81.8294	0	0	nan	
81.9294	0	0	nan	
82.0294	0	0	nan	
82.1294	0	0	nan	
82.2293	0	0	nan	
82.3293	0	0	nan	
82.4293	0	0	nan	
82.5293	0	0	nan	
82.6292	0	0	nan	
82.7292	0	0	nan	
82.8292	0	0	nan	
82.9292	0	0	nan	
83.0291	0	0	nan	
83.1291	0	0	nan	
83.2291	0	0	nan	
83.329	0	0	nan	
83.429	0	0	nan	
83.529	0	0	nan	
83.629	0	0	nan	
83.7289	0	0	nan	
83.8289	0	0	nan	
83.9289	0	0	nan	
84.0289	0	0	nan	
84.1288	0	0	nan	
84.2288	0	0	nan	
84.3288	0	0	nan	
84.4288	0	0	nan	
84.5287	0	0	nan	
84.6287	0	0	nan	
84.7287	0	0	nan	
84.8286	0	0	nan	
84.9286	0	0	nan	
85.0286	0	0	nan	
85.1286	0	0	nan	
85.2285	0	0	nan	
85.3285	0	0	nan	
85.4285	0	0	nan	
85.5285	0	0	nan	
85.6284	0	0	nan	
85.7284	0	0	nan	
85.8284	0	0	nan	
85.9284	0	0	nan	
86.0283	0	0	nan	
86.1283	0	0	nan	
86.2283	0	0	nan	
86.3282	0	0	nan	
86.4282	0	0	nan	
86.5282	0	0	nan	
86.6282	0	0	nan	
86.7281	0	0	nan	
86.8281	0	0	nan	
86.9281	0	0	nan	
87.0281	0	0	nan	
87.128	0	0	nan	
87.228	0	0	nan	
87.328	0	0	nan	
87.4279	0	0	nan	
87.5279	0	0	nan	
87.6279	0	0	nan	
87.7279	0	0	nan	
87.8278	0	0	nan	
87.9278	0	0	nan	
88.0278	0	0	nan	
88.1278	0	0	nan	
88.2277	0	0	nan	
88.3277	0	0	nan	
88.4277	0	0	nan	
88.5277	0	0	nan	
88.6276	0	0	nan	
88.7276	0	0	nan	
88.8276	0	0	nan	
88.9275	0	0	nan	
89.0275	0	0	nan	
89.1275	0	0	nan	
89.2275	0	0	nan	
89.3274	0	0	nan	
89.4274	0	0	nan	
89.5274	0	0	nan	
89.6274	0	0	nan	
89.7273	0	0	nan	
89.8273	0	0	nan	
89.9273	0	0	nan	
90.0273	0	0	nan	
90.1272	0	0	nan	
90.2272	0	0	nan	
90.3272	0	0	nan	
90.4271	0	0	nan	
90.5271	0	0	nan	
90.6271	0	0	nan	
90.7271	0	0	nan	
90.827	0	0	nan	
90.927	0	0	nan	
