5.04999	0	0	nan	
5.14996	0	0	nan	
5.24993	0	0	nan	
5.34991	0	0	nan	
5.44988	0	0	nan	
5.54985	0	0	nan	
5.64983	0	0	nan	
5.7498	0	0	nan	
5.84977	0	0	nan	
5.94975	0	0	nan	
6.04972	0.00545525	-4.74216	225.081	
6.14969	0.270035	49.5133	243.941	
6.24967	2.77525	125.123	235.106	
6.34964	8.0979	-57.1246	237.278	
6.44961	9.62852	83.5717	236.843	
6.54959	6.03067	-304.141	236.633	
6.64956	2.45455	402.216	237.941	
6.74953	0.757021	-52.0817	237.497	
6.84951	0.202579	22.946	239.997	
6.94948	0.0497267	-17.4352	219.96	
7.04945	0.013743	-16.7745	243.227	
7.14942	0.00304235	-2.42576	229.493	
7.2494	0.000524543	-1.73443	341.125	
7.34937	0.000104909	-0.926626	636.548	
7.44934	0.000104909	1.51798	305.349	
7.54932	0	0	nan	
7.64929	0	0	nan	
7.74926	0	0	nan	
7.84924	0	0	nan	
7.94921	0	0	nan	
8.04918	0	0	nan	
8.14916	0	0	nan	
8.24913	0	0	nan	
8.3491	0	0	nan	
8.44908	0	0	nan	
8.54905	0.000419635	1.60889	304.233	
8.64902	0.00461598	8.10054	198.955	
8.749	0.0493071	1.48912	211.616	
8.84897	0.297311	-9.88368	236.849	
8.94894	1.05129	-61.7125	239.713	
9.04892	2.36212	-198.055	239.166	
9.14889	3.67506	224.881	236.768	
9.24886	4.35948	97.2653	238.217	
9.34884	4.32517	97.9362	236.581	
9.44881	3.72216	-184.206	236.617	
9.54878	3.01424	-2.94382	237.293	
9.64876	2.33789	-199.507	237.063	
9.74873	1.70634	-76.7004	234.323	
9.8487	1.2096	65.7122	234.206	
9.94868	0.830037	8.05529	235.926	
10.0486	0.525278	29.4459	235.32	
10.1486	0.325007	-33.1586	233.508	
10.2486	0.190619	33.0506	231.526	
10.3486	0.122848	-51.5137	230.145	
10.4485	0.0750097	0.391634	245.592	
10.5485	0.0428027	13.6832	241.456	
10.6485	0.0270664	-17.0349	259.73	
10.7485	0.0173099	3.76929	257.995	
10.8484	0.0124841	6.38884	245.497	
10.9484	0.0112252	3.96939	230.574	
11.0484	0.0129038	4.54197	226.148	
11.1484	0.017205	-13.1128	239.429	
11.2483	0.0280106	-13.727	248.915	
11.3483	0.0475236	-21.8908	227.98	
11.4483	0.0779471	23.8218	238.718	
11.5482	0.143095	22.8652	238.38	
11.6482	0.256082	-13.1248	236.93	
11.7482	0.47639	3.99854	238.567	
11.8482	0.849655	116.382	234.837	
11.9481	1.3421	199.684	234.994	
12.0481	1.88416	-130.327	238.104	
12.1481	2.35216	97.9093	237.312	
12.2481	2.59418	170.865	237.115	
12.348	2.52851	-194.328	238.111	
12.448	2.25921	176.262	237.51	
12.548	1.91637	120.24	239.224	
12.648	1.53492	23.4678	236.269	
12.7479	1.28052	198.416	238.932	
12.8479	1.05423	-40.1946	237.618	
12.9479	0.955403	-64.042	233.87	
13.0478	0.936205	72.6938	235.038	
13.1478	0.936729	200.694	233.711	
13.2478	0.980581	-54.8728	237.393	
13.3478	1.01636	46.2199	236.056	
13.4477	1.05465	161.958	236.792	
13.5477	1.03786	0.573661	235.786	
13.6477	1.00933	-162.559	235.662	
13.7477	0.972293	-34.7364	235.032	
13.8476	0.898018	75.9151	237.702	
13.9476	0.830877	-67.4045	239.494	
14.0476	0.765099	-73.1722	236.235	
14.1476	0.676136	70.2969	235.305	
14.2475	0.634907	50.5799	236.275	
14.3475	0.569129	91.57	233.896	
14.4475	0.545105	21.6804	233.759	
14.5474	0.52874	-9.41415	235.018	
14.6474	0.536398	-57.7099	235.554	
14.7474	0.549826	77.4093	235.996	
14.8474	0.605638	12.7642	237.66	
14.9473	0.686837	58.8818	234.347	
15.0473	0.771603	39.5712	236.333	
15.1473	0.87284	-17.1735	238.114	
15.2473	0.98803	47.454	236.784	
15.3472	1.10721	220.092	235.796	
15.4472	1.18673	4.73702	238.117	
15.5472	1.26153	-97.0011	239.264	
15.6472	1.31388	-20.2306	234.669	
15.7471	1.37242	-71.7641	237.414	
15.8471	1.40651	-70.7078	234.636	
15.9471	1.36004	162.76	237.601	
16.047	1.35311	29.969	235.141	
16.147	1.32552	187.687	236.808	
16.247	1.25534	-2.2054	237.395	
16.347	1.18536	32.766	237.8	
16.4469	1.14592	65.384	238.224	
16.5469	1.08465	51.3985	234.787	
16.6469	1.05643	-38.1355	237.29	
16.7469	1.0215	6.37085	235.64	
16.8468	1.00114	-35.859	237.743	
16.9468	0.948899	-17.0598	235.383	
17.0468	0.940506	-114.259	234.937	
17.1468	0.921413	55.2963	240.921	
17.2467	0.906621	30.0743	238.824	
17.3467	0.916902	46.2572	233.864	
17.4467	0.870427	-8.33087	238.16	
17.5466	0.869378	-42.1204	236.58	
17.6466	0.870112	65.3205	237.491	
17.7466	0.845249	51.7632	241.192	
17.8466	0.871791	-108.324	239.791	
17.9465	0.873574	-61.7581	239.121	
18.0465	0.877561	-86.3847	238.129	
18.1465	0.895605	-31.9362	236.607	
18.2465	0.91365	25.7782	238.811	
18.3464	0.928442	-91.6379	236.322	
18.4464	0.940506	-33.1329	233.54	
18.5464	0.93054	66.9762	240.876	
18.6463	0.966523	-17.7259	237.266	
18.7463	1.00807	-42.2961	238.805	
18.8463	1.00607	3.21805	237.001	
18.9463	1.02716	-12.0024	234.764	
19.0462	1.04961	35.3295	234.086	
19.1462	1.06797	-101.449	241.204	
19.2462	1.08518	0.0568842	235.893	
19.3462	1.10395	33.7347	233.214	
19.4461	1.10018	59.4365	236.988	
19.5461	1.10836	57.6525	238.367	
19.6461	1.09902	-22.9903	238.791	
19.7461	1.10721	135.264	236.541	
19.846	1.08538	127.983	240.631	
19.946	1.08276	103.006	239.523	
20.046	1.05433	70.9228	237.279	
20.1459	1.03272	126.763	239.421	
20.2459	1.02915	86.2846	233.262	
20.3459	1.01793	201.59	233.076	
20.4459	1.00219	103.905	237.165	
20.5458	0.976909	127.972	239.113	
20.6458	0.98142	-55.8737	235.472	
20.7458	0.95299	-58.242	237.518	
20.8458	0.96453	40.45	236.782	
20.9457	0.943339	58.7513	237.425	
21.0457	0.960544	96.2463	232.772	
21.1457	0.945332	-86.8484	236.462	
21.2457	0.959809	136.541	236.531	
21.3456	0.94785	-78.9733	236.154	
21.4456	0.946066	74.6654	236.892	
21.5456	0.982574	84.1728	235.156	
21.6455	0.967048	-49.7894	237.955	
21.7455	0.960858	140.297	236.751	
21.8455	0.976595	49.7119	234.388	
21.9455	0.990862	-81.1817	237.875	
22.0454	0.991597	44.9581	238.026	
22.1454	1.00429	-29.8316	239.719	
22.2454	1.00534	-101.267	234.926	
22.3454	1.01478	39.0112	238.603	
22.4453	1.00482	92.4492	236.222	
22.5453	1.01079	-39.6953	236.69	
22.6453	1.02569	51.5867	237.12	
22.7453	1.03503	113.088	236.584	
22.8452	1.02978	-27.3424	234.745	
22.9452	1.0259	28.8052	237.455	
23.0452	1.03346	-238.641	240.379	
23.1451	1.02894	-39.3072	237.512	
23.2451	1.0194	81.2603	238.048	
23.3451	1.02024	-58.2179	237.08	
23.4451	1.02863	-115.877	239.028	
23.545	1.02485	-79.7273	237.829	
23.645	1.01153	-41.1496	231.748	
23.745	1.02905	83.2719	237.006	
23.845	1.01898	52.0693	238.107	
23.9449	0.988764	-7.40958	233.465	
24.0449	1.01457	91.1477	237.547	
24.1449	1.0002	90.6908	233.338	
24.2449	0.990443	-151.807	236.445	
24.3448	0.995898	-57.5637	240.259	
24.4448	0.987715	182.679	238.24	
24.5448	0.989603	-78.3419	238.272	
24.6447	0.98247	-79.9892	238.091	
24.7447	0.992016	32.2852	237.526	
24.8447	0.994954	-65.6705	234.866	
24.9447	0.9938	-201.669	237.939	
25.0446	0.978168	133.331	236.895	
25.1446	0.968097	16.7841	237.829	
25.2446	0.990757	-33.3984	234.861	
25.3446	0.982365	-200.097	238.83	
25.4445	0.982679	-169.352	239.767	
25.5445	0.9938	54.2625	239.431	
25.6445	1.00146	90.8512	235.222	
25.7445	1.01258	-77.1107	238.339	
25.8444	1.00188	208.396	237.407	
25.9444	0.996318	31.961	234.954	
26.0444	1.00156	-58.9565	240.896	
26.1443	1.02328	-14.7496	239.642	
26.2443	1.02506	16.8438	234.492	
26.3443	1.01615	28.7081	235.594	
26.4443	1.01803	69.4713	236.432	
26.5442	1.01205	74.053	238.254	
26.6442	1.01887	-128.855	236.408	
26.7442	0.997996	66.4137	238.533	
26.8442	1.00293	57.2501	234.466	
26.9441	0.996422	119.559	237.459	
27.0441	1.00859	86.0667	233.972	
27.1441	1.02066	43.2042	234.58	
27.244	1.00796	-39.5396	239.233	
27.344	0.983204	-23.1333	238.033	
27.444	1.00345	89.6328	238.927	
27.544	1.01845	-5.87126	239.228	
27.6439	1.0045	104.625	235.825	
27.7439	0.995898	47.3772	239.151	
27.8439	0.994534	-31.6153	237.337	
27.9439	1.01038	-69.5751	238.797	
28.0438	1.01163	-9.58122	236.089	
28.1438	0.991702	176.573	235.557	
28.2438	1.01688	110.859	235.76	
28.3438	0.984882	-63.9408	233.747	
28.4437	0.980686	72.9993	238.919	
28.5437	0.9874	-26.7247	239.672	
28.6437	1.01237	-8.91372	239.666	
28.7436	0.996737	-108.15	237.986	
28.8436	0.992541	-105.877	234.882	
28.9436	0.994114	135.575	241.332	
29.0436	1.01038	-154.801	235.96	
29.1435	1.0131	122.316	236.341	
29.2435	0.99359	-149.924	232.743	
29.3435	0.996108	14.003	235.481	
29.4435	0.992856	76.3512	237.516	
29.5434	0.995898	83.1545	237.752	
29.6434	1.02496	-31.8016	237.368	
29.7434	1.01216	91.6323	237.301	
29.8434	1.01321	-39.2421	237.999	
29.9433	1.01184	1.63483	232.688	
30.0433	0.997996	-124.313	233.749	
30.1433	0.994219	130.016	235.965	
30.2432	1.01573	21.468	234.967	
30.3432	0.995268	-9.7054	237.18	
30.4432	0.992541	86.5201	232.422	
30.5432	1.01835	98.7326	237.477	
30.6431	1.00419	163.961	237.976	
30.7431	1.0067	131.371	233.843	
30.8431	0.995583	-133.598	236.456	
30.9431	0.999255	50.3628	235.477	
31.043	1.00377	5.71749	235.653	
31.143	1.01824	1.63258	235.579	
31.243	1.00114	104.82	237.358	
31.343	1.00586	-9.60609	239.535	
31.4429	1.00293	44.6603	234.777	
31.5429	1.01268	87.5753	235.827	
31.6429	0.996318	37.6448	237.742	
31.7428	1.00754	57.5772	237.947	
31.8428	0.991911	-92.9774	236.256	
31.9428	0.989184	32.1532	237.591	
32.0428	0.983414	-72.1875	239.991	
32.1427	1.00408	-50.0794	235.907	
32.2427	0.999675	78.9164	234.273	
32.3427	0.996108	-60.5318	238.597	
32.4427	1.00419	101.748	235.708	
32.5426	0.988764	81.8479	234.584	
32.6426	0.996632	-92.9328	236.55	
32.7426	1.01468	-108.013	237.94	
32.8426	1.00083	54.0391	235.458	
32.9425	0.999255	113.635	236.456	
33.0425	1.01835	6.78138	238.517	
33.1425	0.985407	132.705	234.589	
33.2424	1.00702	-4.75199	234.499	
33.3424	1.00765	110.86	238.721	
33.4424	1.01153	96.7877	237.807	
33.5424	1.01468	-138.151	238.279	
33.6423	1.00272	-40.9276	235.506	
33.7423	1.01216	-29.8499	237.561	
33.8423	1.00408	171.384	236.647	
33.9423	1.01961	-37.6021	233.69	
34.0422	1.02265	59.2564	234.861	
34.1422	1.00009	-169.558	234.34	
34.2422	0.997262	-59.4217	240.493	
34.3422	1.00041	91.1559	234.43	
34.4421	0.997786	-27.175	237.847	
34.5421	0.986561	104.564	238.224	
34.6421	0.977539	1.25765	241.517	
34.742	0.992751	-71.1465	238.66	
34.842	1.00125	-92.4247	237.554	
34.942	0.985932	-182.626	235.352	
35.042	1.00733	141.637	238.08	
35.1419	1.00135	-5.07683	238.242	
35.2419	1.02391	46.8858	239.911	
35.3419	1.0044	-108.733	239.29	
35.4419	1.00922	0.523356	234.65	
35.5418	1.00723	162.002	239.131	
35.6418	1.0066	-56.0399	237.417	
35.7418	1.00125	11.926	237.782	
35.8417	0.994219	-130.016	236.851	
35.9417	1.01017	100.713	235.658	
36.0417	1.00282	-134.679	238.177	
36.1417	1.01195	-26.8325	236.78	
36.2416	0.997262	-50.2131	239.405	
36.3416	0.99936	-124.544	237.38	
36.4416	1.02317	-191.862	237.216	
36.5416	0.996318	-203.822	239.734	
36.6415	1.0088	165.43	236.851	
36.7415	0.978483	20.2655	238.47	
36.8415	1.00051	41.9153	233.21	
36.9415	1.00209	60.1148	240.164	
37.0414	0.993695	143.859	235.348	
37.1414	0.992751	-74.0091	237.574	
37.2414	0.997367	6.07102	235.667	
37.3413	1.00083	-187.886	236.813	
37.4413	0.998521	58.3137	238.082	
37.5413	0.985827	-47.0595	238.271	
37.6413	1.0109	-0.0166546	234.284	
37.7412	1.02664	-7.98113	235.952	
37.8412	1.01048	-120.128	236.878	
37.9412	1.00282	109.801	237.137	
38.0412	0.997786	22.9137	238.358	
38.1411	1.00807	74.4612	236.958	
38.2411	0.992331	36.6451	236.938	
38.3411	0.978378	1.12844	238.849	
38.4411	1.00282	23.2656	239.729	
38.541	1.01394	-82.6867	235.843	
38.641	1.01898	38.3923	236.594	
38.741	1.01667	-23.7602	236.619	
38.8409	1.00303	-56.3657	237.691	
38.9409	0.989079	-27.4007	238.342	
39.0409	0.99894	69.3805	236.406	
39.1409	1.00314	35.3861	238.427	
39.2408	1.01331	-72.1146	239.188	
39.3408	0.99401	-18.9397	238.962	
39.4408	1.02139	-14.1927	235.353	
39.5408	1.00471	-18.6593	233.289	
39.6407	0.995268	79.8675	236.966	
39.7407	0.988554	73.1465	237.013	
39.8407	1.00114	146.008	237.013	
39.9407	1.00083	43.407	238.365	
40.0406	1.00429	102.053	230.936	
40.1406	1.01489	-95.0047	238.362	
40.2406	1.01667	-79.2941	233.859	
40.3405	1.00565	-103.572	235.978	
40.4405	0.99317	35.9032	233.543	
40.5405	1.00146	-55.1273	240.726	
40.6405	0.999675	-1.58108	233.985	
40.7404	0.999675	-136.836	237.682	
40.8404	0.991282	123.99	237.651	
40.9404	0.994114	17.0747	236.544	
41.0404	1.00891	97.7724	236.357	
41.1403	1.01017	-9.47961	234.269	
41.2403	1.0023	117.884	237.23	
41.3403	0.998101	-43.5929	237.967	
41.4403	1.01216	17.8176	235.647	
41.5402	1.00198	-147.362	235.696	
41.6402	1.00408	145.3	238.605	
41.7402	1.01006	133.017	237.174	
41.8401	1.01038	-1.12243	238.034	
41.9401	1.00324	25.6278	238.953	
42.0401	0.995793	-157.777	237.793	
42.1401	1.00461	61.4017	236.655	
42.24	0.993065	-3.97909	237.694	
42.34	0.983414	-61.6614	235.203	
42.44	1.00419	-46.2095	234.933	
42.54	1.00408	92.1301	234.991	
42.6399	1.01615	-119.264	239.878	
42.7399	1.00261	75.5596	235.216	
42.8399	1.00251	-1.85931	236.211	
42.9399	1.01992	-14.1952	235.082	
43.0398	0.990652	-116.698	232.305	
43.1398	1.00576	-159.544	237.552	
43.2398	1.00419	68.5222	236.256	
43.3397	1.01352	1.70798	235.527	
43.4397	0.983833	162.032	235.41	
43.5397	1.01625	162.434	238.669	
43.6397	1.00219	153.795	235.129	
43.7396	0.991806	91.8668	234.673	
43.8396	1.00912	31.9265	235.047	
43.9396	0.996108	-54.1435	238.829	
44.0396	1.00366	130.399	238.747	
44.1395	1.00282	40.1995	237.424	
44.2395	1.00429	-104.267	237.114	
44.3395	1.00891	-65.1366	236.051	
44.4394	1.00167	84.7817	237.3	
44.5394	1.01163	-109.872	238.188	
44.6394	0.996632	34.3614	234.396	
44.7394	0.986351	48.6505	238.069	
44.8393	1.00083	-46.9049	236.449	
44.9393	1.00272	-8.31655	239.124	
45.0393	0.993485	127.29	235.893	
45.1393	1.01751	-155.803	236.54	
45.2392	0.992436	67.8603	238.213	
45.3392	0.984043	-32.9076	234.901	
45.4392	1.01384	90.5073	236.828	
45.5392	1.01132	-100.779	234.862	
45.6391	1.00985	-25.5793	236.583	
45.7391	0.999675	-128.929	238.51	
45.8391	1.00607	-29.9439	237.284	
45.939	1.01478	37.3461	237.426	
46.039	1.01478	-33.7609	234.448	
46.139	0.99915	3.29376	235.083	
46.239	0.984253	-145.067	238.097	
46.3389	1.00282	8.38457	238.654	
46.4389	1.01468	-71.6053	237.109	
46.5389	0.98761	41.3752	234.747	
46.6389	1.00419	65.6692	236.098	
46.7388	1.00828	-103.203	236.234	
46.8388	1.01205	-88.7386	234.701	
46.9388	0.996318	48.4719	232.745	
47.0388	1.00261	54.7886	235.55	
47.1387	1.00565	80.0284	238.189	
47.2387	0.990338	29.7828	233.862	
47.3387	1.00314	-8.16943	236.22	
47.4386	0.995373	175.077	237.146	
47.5386	1.00072	56.5862	235.059	
47.6386	1.01489	35.1008	237.83	
47.7386	1.0087	33.6909	236.54	
47.8385	0.985617	-16.8599	236.047	
47.9385	0.999255	124.271	237.268	
48.0385	1.013	-81.2408	234.119	
48.1385	0.993695	140.726	237.328	
48.2384	1.00681	87.2094	233.982	
48.3384	0.99873	94.1772	234.077	
48.4384	0.994744	-95.6696	235.426	
48.5384	0.998835	1.40197	239.459	
48.6383	1.00597	-95.2375	236.97	
48.7383	0.999884	36.113	236.145	
48.8383	1.02045	24.5304	236.172	
48.9382	1.01719	-103.611	235.76	
49.0382	1.00744	-113.276	237.586	
49.1382	0.984778	-21.9238	238.302	
49.2382	1.00209	-69.7915	237.19	
49.3381	1.00754	72.815	232.923	
49.4381	1.02013	-83.4475	237.232	
49.5381	0.99978	-19.3496	238.063	
49.6381	1.00377	-66.9423	233.655	
49.738	1.00807	-92.9733	240.424	
49.838	0.995059	171.303	234.861	
49.938	0.997996	-54.6334	235.28	
50.038	1.01258	-139.951	233.847	
50.1379	0.989394	82.7327	235.543	
50.2379	1.01835	-62.2574	239.932	
50.3379	1.00912	-58.9867	240.556	
50.4378	0.997996	113.109	233.472	
50.5378	0.992121	119.264	237.157	
50.6378	0.994324	-20.2755	236.701	
50.7378	0.987715	-30.63	235.312	
50.8377	1.00702	-105.251	233.667	
50.9377	0.996527	-55.2848	240.855	
51.0377	0.994954	-30.4083	239.873	
51.1377	1.00041	-119.674	236.64	
51.2376	1.0003	60.5487	236.851	
51.3376	1.01352	75.6049	238.225	
51.4376	1.00482	4.20117	236.902	
51.5376	1.01761	24.4687	235.924	
51.6375	0.992541	-155.846	237.153	
51.7375	0.99936	25.1159	239.216	
51.8375	0.99338	13.1507	235.572	
51.9374	1.02275	-10.0348	235.934	
52.0374	0.997891	124.83	238.388	
52.1374	1.0131	100.335	236.021	
52.2374	0.987715	-1.07342	235.089	
52.3373	1.0215	32.2962	239.384	
52.4373	1.00985	-65.1765	241.689	
52.5373	0.998311	74.2298	236.625	
52.6373	0.99936	19.8585	238.541	
52.7372	1.01793	28.101	238.267	
52.8372	0.993275	159.587	235.676	
52.9372	0.99359	-62.8324	239.072	
53.0371	0.998311	-117.823	236.354	
53.1371	0.992016	-4.11256	238.747	
53.2371	1.00964	30.3865	239.848	
53.3371	0.993485	-14.84	231.886	
53.437	1.01289	10.6463	237.835	
53.537	1.00523	142.832	234.818	
53.637	1.00114	48.9128	238.519	
53.737	1.00408	-86.1859	238.984	
53.8369	1.01121	311.761	238.788	
53.9369	1.00996	38.2562	234.244	
54.0369	1.00198	10.2506	238.193	
54.1369	0.997681	7.30407	238.58	
54.2368	1.0003	-127.281	238.457	
54.3368	0.996318	-13.9366	237.978	
54.4368	1.01279	29.2488	235.535	
54.5367	0.995583	-9.83216	236.343	
54.6367	0.999045	22.5899	236.84	
54.7367	0.989603	16.9028	239.845	
54.8367	0.997681	-27.9327	235.594	
54.9366	1.00555	-24.4017	240.495	
55.0366	1.00093	-166.142	238.354	
55.1366	0.997681	79.8039	236.858	
55.2366	1.00754	74.4986	237.228	
55.3365	1.00513	108.569	238.884	
55.4365	1.01426	-87.3737	238.573	
55.5365	1.00649	62.4614	233.815	
55.6365	0.989498	0.192509	235.203	
55.7364	0.996632	-37.057	235.625	
55.8364	1.02538	87.3045	234.7	
55.9364	1.0238	-57.9115	237.19	
56.0363	1.00051	7.92426	236.559	
56.1363	1.00828	-116.407	237.292	
56.2363	0.994429	193.532	235.053	
56.3363	1.01541	-124.039	239.239	
56.4362	0.997891	-4.25711	238.857	
56.5362	0.994324	124.339	239.033	
56.6362	0.995793	-70.142	239.494	
56.7362	0.992856	56.2914	239.296	
56.8361	1.00293	-39.5126	235.243	
56.9361	1.01814	86.9184	236.301	
57.0361	0.97649	24.0975	235.874	
57.1361	0.988449	66.7962	238.004	
57.236	1.0066	84.4916	235.331	
57.336	1.00586	37.7618	237.275	
57.436	1.00912	-3.49983	234.805	
57.5359	1.00293	5.83994	237.173	
57.6359	0.996003	64.3344	235.494	
57.7359	0.992751	14.7987	239.733	
57.8359	1.00733	-30.9908	234.671	
57.9358	1.02181	-1.75259	236.512	
58.0358	1.02171	135.662	234.84	
58.1358	0.99894	125.695	236.061	
58.2358	0.995478	-23.2748	239.463	
58.3357	0.989708	-30.5933	238.849	
58.4357	1.00786	-20.3318	233.919	
58.5357	1.01069	48.2411	234.789	
58.6357	0.999045	31.0271	239.64	
58.7356	0.991072	36.7041	233.637	
58.8356	1.00933	22.3223	237.296	
58.9356	1.00807	-53.5055	235.991	
59.0355	1.00712	-39.6936	235.303	
59.1355	0.982889	28.9308	234.145	
59.2355	1.01289	117.25	236.27	
59.3355	0.99978	-43.8456	236.465	
59.4354	1.01342	10.2629	235.512	
59.5354	0.997052	-80.8852	238.636	
59.6354	0.990652	-31.7918	236.623	
59.7354	0.982679	-118.71	239.639	
59.8353	1.0024	7.86296	238.518	
59.9353	1.0067	-84.8593	235.195	
60.0353	1.02391	-6.09337	236.61	
60.1353	1.00282	-115.451	237.046	
60.2352	0.984987	31.7436	238.615	
60.3352	0.999675	-60.0832	235.311	
60.4352	1.01405	-33.6315	232.764	
60.5351	1.0045	221.315	235.723	
60.6351	0.995268	-69.1828	234.831	
60.7351	0.989708	-64.2182	236.955	
60.8351	1.02045	22.8467	235.191	
60.935	1.01069	-57.1562	239.723	
61.035	1.0173	18.5023	236.17	
61.135	1.00681	73.647	235.747	
61.235	0.997262	127.448	236.588	
61.3349	1.00922	73.4326	238.953	
61.4349	0.976175	-46.1468	239.072	
61.5349	0.986561	-162.616	235.193	
61.6348	1.01415	-45.8083	237.684	
61.7348	1.00009	23.8544	235.602	
61.8348	1.01059	109.317	233.315	
61.9348	0.988974	65.8388	238.709	
62.0347	1.00922	-36.7934	240.181	
62.1347	1.00828	34.0032	230.927	
62.2347	1.00356	-222.625	234.84	
62.3347	1.00041	-17.0006	234.233	
62.4346	0.991492	94.9891	234.62	
62.5346	0.996737	121.973	235.448	
62.6346	1.01174	47.035	234.2	
62.7346	0.979217	136.136	237.204	
62.8345	1.00555	122.111	235.957	
62.9345	1.01121	5.20437	240.727	
63.0345	1.0045	67.3861	238.2	
63.1344	0.996422	56.7382	239.58	
63.2344	0.99359	88.088	238.465	
63.3344	1.01174	23.4502	233.775	
63.4344	1.00303	100.52	236.857	
63.5343	1.00377	72.8823	237.358	
63.6343	1.0024	27.9363	233.727	
63.7343	0.998835	-30.2825	238.105	
63.8343	0.977224	70.9334	236.17	
63.9342	0.999045	-140.342	235.645	
64.0342	1.01268	-17.5546	237.726	
64.1342	1.00964	-94.1654	232.091	
64.2342	0.989708	-180.119	240.117	
64.3341	1.01887	-25.2738	238.915	
64.4341	1.0044	-54.0601	238.57	
64.5341	0.997262	136.247	238.363	
64.634	1.02139	-38.4543	237.292	
64.734	1.00618	32.8146	238.455	
64.834	0.99317	128.461	234.397	
64.934	1.02296	112.502	235.323	
65.0339	1.01405	-109.475	236.942	
65.1339	1.02401	172.818	234.899	
65.2339	1.02433	31.5521	236.723	
65.3339	1.01698	-1.65189	232.32	
65.4338	1.03335	-25.756	236.815	
65.5338	1.01636	-62.2697	243.666	
65.6338	1.02894	-57.8807	236.473	
65.7338	1.02076	-32.6183	237.73	
65.8337	1.01111	54.8819	236.592	
65.9337	1.03115	-126.562	236	
66.0337	1.01499	-53.1781	239.201	
66.1336	1.02097	-72.9202	238.117	
66.2336	1.01982	23.0225	235.566	
66.3336	1.01751	-69.8451	238.744	
66.4336	1.00387	-9.0075	239.112	
66.5335	1.00754	-8.82409	237.459	
66.6335	1.00502	228.431	236.308	
66.7335	1.013	59.813	235.186	
66.8335	1.01363	-53.9465	237.782	
66.9334	1.00502	25.7171	239.323	
67.0334	1.01646	-74.9626	237.315	
67.1334	0.987715	-36.4507	234.932	
67.2334	0.989079	-54.6171	237.206	
67.3333	0.990233	29.5871	240.977	
67.4333	1.01184	-14.9023	236.537	
67.5333	1.01447	-69.135	235.201	
67.6332	1.01698	66.3048	239.723	
67.7332	0.983938	27.1294	236.283	
67.8332	1.0024	71.2237	237.887	
67.9332	1.00964	42.018	234.887	
68.0331	1.00366	-131.833	237.345	
68.1331	1.01541	58.1276	234.734	
68.2331	0.987295	-107.851	234.787	
68.3331	0.985407	-55.8012	239.744	
68.433	0.967782	27.7073	234.727	
68.533	0.948479	-38.1418	236.052	
68.633	0.97072	-4.4884	237.727	
68.733	0.956977	-109.623	237.769	
68.8329	0.906411	121.004	240.504	
68.9329	0.913545	-82.0578	238.328	
69.0329	0.900431	95.3021	239.653	
69.1328	0.858048	50.1049	234.265	
69.2328	0.875568	-142.029	237.704	
69.3328	0.8271	-41.2803	237.471	
69.4328	0.803495	101.226	236.808	
69.5327	0.762266	-130.86	234.821	
69.6327	0.757231	-125.298	237.571	
69.7327	0.720722	33.4424	238.71	
69.8327	0.679179	-67.8766	238.032	
69.9326	0.658617	90.8506	235.232	
70.0326	0.616024	-30.1797	237.938	
70.1326	0.58539	18.2423	241.475	
70.2325	0.54605	-23.3513	234.856	
70.3325	0.522865	32.7809	240.637	
70.4325	0.482265	77.5027	237.805	
70.5325	0.447121	-38.0019	232.221	
70.6324	0.412606	53.7594	239.182	
70.7324	0.385749	-57.1027	235.078	
70.8324	0.366026	54.3449	235.328	
70.9324	0.327105	34.2391	238.91	
71.0323	0.294269	47.7662	230.353	
71.1323	0.272658	37.841	235.389	
71.2323	0.250312	-62.1981	232.76	
71.3323	0.216007	-58.6414	240.137	
71.4322	0.201844	48.133	231.678	
71.5322	0.174673	-10.7012	235.698	
71.6322	0.1496	-17.7437	231.698	
71.7321	0.1432	14.2147	243.79	
71.8321	0.125576	-16.4093	251.196	
71.9321	0.106797	-25.4672	229.82	
72.0321	0.098719	-3.35434	234.518	
72.132	0.0841367	48.4283	237.188	
72.232	0.0732262	-25.1214	245.951	
72.332	0.0617912	-35.1502	234.137	
72.432	0.0515102	-15.3792	240.34	
72.5319	0.0444813	-2.38219	227.623	
72.6319	0.036718	-6.17626	236.981	
72.7319	0.0326266	5.61649	250.672	
72.8319	0.0263321	18.8895	243.567	
72.9318	0.0217161	9.23426	218.828	
73.0318	0.0203523	31.8034	233.187	
73.1318	0.016051	27.3741	248.408	
73.2317	0.0143725	-5.57669	238.149	
73.3317	0.00975651	11.6153	252.174	
73.4317	0.00944178	0.790331	198.301	
73.5317	0.00828778	-6.47019	244.008	
73.6316	0.00618961	10.9005	219.032	
73.7316	0.00514052	-3.17247	247.907	
73.8316	0.00535034	-6.5176	230.03	
73.9316	0.00283253	-3.09329	224.285	
74.0315	0.00335708	1.73907	181.543	
74.1315	0.00199326	-8.99273	208.821	
74.2315	0.00146872	1.57943	174.595	
74.3315	0.00136381	1.73641	204.214	
74.4314	0.00167854	-2.44667	224.256	
74.5314	0.000419635	-0.179678	238.329	
74.6314	0.000524543	0.540537	175.232	
74.7313	0.000209817	-1.68032	445.013	
74.8313	0.000209817	-0.123651	66.4514	
74.9313	0.000314726	0.398469	46.5519	
75.0313	0	0	nan	
75.1312	0	0	nan	
75.2312	0	0	nan	
75.3312	0	0	nan	
75.4312	0	0	nan	
75.5311	0	0	nan	
75.6311	0	0	nan	
75.7311	0	0	nan	
75.8311	0	0	nan	
75.931	0	0	nan	
76.031	0	0	nan	
76.131	0	0	nan	
76.2309	0	0	nan	
76.3309	0	0	nan	
76.4309	0	0	nan	
76.5309	0	0	nan	
76.6308	0	0	nan	
76.7308	0	0	nan	
76.8308	0	0	nan	
76.9308	0	0	nan	
77.0307	0	0	nan	
77.1307	0	0	nan	
77.2307	0	0	nan	
77.3307	0	0	nan	
77.4306	0	0	nan	
77.5306	0	0	nan	
77.6306	0	0	nan	
77.7305	0	0	nan	
77.8305	0	0	nan	
77.9305	0	0	nan	
78.0305	0	0	nan	
78.1304	0	0	nan	
78.2304	0	0	nan	
78.3304	0	0	nan	
78.4304	0	0	nan	
78.5303	0	0	nan	
78.6303	0	0	nan	
78.7303	0	0	nan	
78.8302	0	0	nan	
78.9302	0	0	nan	
79.0302	0	0	nan	
79.1302	0	0	nan	
79.2301	0	0	nan	
79.3301	0	0	nan	
79.4301	0	0	nan	
79.5301	0	0	nan	
79.63	0	0	nan	
79.73	0	0	nan	
79.83	0	0	nan	
79.93	0	0	nan	
80.0299	0	0	nan	
80.1299	0	0	nan	
80.2299	0	0	nan	
80.3298	0	0	nan	
80.4298	0	0	nan	
80.5298	0	0	nan	
80.6298	0	0	nan	
80.7297	0	0	nan	
80.8297	0	0	nan	
80.9297	0	0	nan	
81.0297	0	0	nan	
81.1296	0	0	nan	
81.2296	0	0	nan	
81.3296	0	0	nan	
81.4296	0	0	nan	
81.5295	0	0	nan	
81.6295	0	0	nan	
81.7295	0	0	nan	
81.8294	0	0	nan	
81.9294	0	0	nan	
82.0294	0	0	nan	
82.1294	0	0	nan	
82.2293	0	0	nan	
82.3293	0	0	nan	
82.4293	0	0	nan	
82.5293	0	0	nan	
82.6292	0	0	nan	
82.7292	0	0	nan	
82.8292	0	0	nan	
82.9292	0	0	nan	
83.0291	0	0	nan	
83.1291	0	0	nan	
83.2291	0	0	nan	
83.329	0	0	nan	
83.429	0	0	nan	
83.529	0	0	nan	
83.629	0	0	nan	
83.7289	0	0	nan	
83.8289	0	0	nan	
83.9289	0	0	nan	
84.0289	0	0	nan	
84.1288	0	0	nan	
84.2288	0	0	nan	
84.3288	0	0	nan	
84.4288	0	0	nan	
84.5287	0	0	nan	
84.6287	0	0	nan	
84.7287	0	0	nan	
84.8286	0	0	nan	
84.9286	0	0	nan	
85.0286	0	0	nan	
85.1286	0	0	nan	
85.2285	0	0	nan	
85.3285	0	0	nan	
85.4285	0	0	nan	
85.5285	0	0	nan	
85.6284	0	0	nan	
85.7284	0	0	nan	
85.8284	0	0	nan	
85.9284	0	0	nan	
86.0283	0	0	nan	
86.1283	0	0	nan	
86.2283	0	0	nan	
86.3282	0	0	nan	
86.4282	0	0	nan	
86.5282	0	0	nan	
86.6282	0	0	nan	
86.7281	0	0	nan	
86.8281	0	0	nan	
86.9281	0	0	nan	
87.0281	0	0	nan	
87.128	0	0	nan	
87.228	0	0	nan	
87.328	0	0	nan	
87.4279	0	0	nan	
87.5279	0	0	nan	
87.6279	0	0	nan	
87.7279	0	0	nan	
87.8278	0	0	nan	
87.9278	0	0	nan	
88.0278	0	0	nan	
88.1278	0	0	nan	
88.2277	0	0	nan	
88.3277	0	0	nan	
88.4277	0	0	nan	
88.5277	0	0	nan	
88.6276	0	0	nan	
88.7276	0	0	nan	
88.8276	0	0	nan	
88.9275	0	0	nan	
89.0275	0	0	nan	
89.1275	0	0	nan	
89.2275	0	0	nan	
89.3274	0	0	nan	
89.4274	0	0	nan	
89.5274	0	0	nan	
89.6274	0	0	nan	
89.7273	0	0	nan	
89.8273	0	0	nan	
89.9273	0	0	nan	
90.0273	0	0	nan	
90.1272	0	0	nan	
90.2272	0	0	nan	
90.3272	0	0	nan	
90.4271	0	0	nan	
90.5271	0	0	nan	
90.6271	0	0	nan	
90.7271	0	0	nan	
90.827	0	0	nan	
90.927	0	0	nan	
