1.47735	1.48236	4.054162
1.47735	4.44709	5.230244
1.47735	7.41181	4.578174
1.47735	10.3765	4.217556
1.47735	13.3413	5.216186
1.47735	16.306	4.008476
1.47735	19.2707	5.822938
1.47735	22.2354	4.296136
1.47735	25.2002	4.678506
1.47735	28.1649	5.118122
1.47735	31.1296	3.997104
1.47735	34.0943	5.985734
1.47735	37.0591	3.518148
1.47735	40.0238	3.148988
1.47735	42.9885	5.272126
1.47735	45.9532	3.447368
1.47735	48.9179	5.77593
1.47735	51.8827	4.421426
1.47735	54.8474	3.402566
1.47735	57.8121	5.204318
1.47735	60.7768	4.586194
1.47735	63.7416	5.195992
1.47735	66.7063	4.575874
1.47735	69.671	4.441272
1.47735	72.6357	4.693682
1.47735	75.6005	4.35491
1.47735	78.5652	3.34481
1.47735	81.5299	4.35296
1.47735	84.4946	3.75989
4.43205	1.48236	5.41525
4.43205	4.44709	5.18081
4.43205	7.41181	5.296658
4.43205	10.3765	4.152876
4.43205	13.3413	5.176516
4.43205	16.306	5.764872
4.43205	19.2707	3.985282
4.43205	22.2354	4.516218
4.43205	25.2002	4.796246
4.43205	28.1649	4.780658
4.43205	31.1296	4.95481
4.43205	34.0943	4.509638
4.43205	37.0591	4.877952
4.43205	40.0238	4.420804
4.43205	42.9885	5.518036
4.43205	45.9532	5.56626
4.43205	48.9179	3.327316
4.43205	51.8827	5.092756
4.43205	54.8474	6.059264
4.43205	57.8121	4.562118
4.43205	60.7768	3.85807
4.43205	63.7416	4.204138
4.43205	66.7063	4.803654
4.43205	69.671	5.469786
4.43205	72.6357	4.990446
4.43205	75.6005	4.163062
4.43205	78.5652	4.586226
4.43205	81.5299	4.83494
4.43205	84.4946	2.928952
7.38675	1.48236	4.944698
7.38675	4.44709	4.249126
7.38675	7.41181	4.759832
7.38675	10.3765	5.32795
7.38675	13.3413	4.087936
7.38675	16.306	4.579864
7.38675	19.2707	4.58349
7.38675	22.2354	4.297968
7.38675	25.2002	4.479568
7.38675	28.1649	4.66761
7.38675	31.1296	4.383782
7.38675	34.0943	4.326906
7.38675	37.0591	5.053056
7.38675	40.0238	4.610914
7.38675	42.9885	4.804952
7.38675	45.9532	4.229504
7.38675	48.9179	4.715742
7.38675	51.8827	4.672888
7.38675	54.8474	5.266328
7.38675	57.8121	5.16781
7.38675	60.7768	4.661754
7.38675	63.7416	4.735224
7.38675	66.7063	4.993368
7.38675	69.671	5.572766
7.38675	72.6357	5.54214
7.38675	75.6005	5.208954
7.38675	78.5652	5.121286
7.38675	81.5299	4.516802
7.38675	84.4946	5.58373
10.3415	1.48236	3.756602
10.3415	4.44709	4.465304
10.3415	7.41181	4.024176
10.3415	10.3765	5.345842
10.3415	13.3413	3.810536
10.3415	16.306	4.9194
10.3415	19.2707	4.484286
10.3415	22.2354	4.89394
10.3415	25.2002	3.266434
10.3415	28.1649	3.964646
10.3415	31.1296	3.900178
10.3415	34.0943	4.073352
10.3415	37.0591	4.632842
10.3415	40.0238	4.005854
10.3415	42.9885	5.126672
10.3415	45.9532	2.768374
10.3415	48.9179	5.273132
10.3415	51.8827	5.86782
10.3415	54.8474	5.55413
10.3415	57.8121	5.007996
10.3415	60.7768	4.132014
10.3415	63.7416	3.390488
10.3415	66.7063	4.620516
10.3415	69.671	4.56489
10.3415	72.6357	4.392138
10.3415	75.6005	5.694114
10.3415	78.5652	4.791901
10.3415	81.5299	4.124242
10.3415	84.4946	3.21641
13.2961	1.48236	4.675446
13.2961	4.44709	3.688284
13.2961	7.41181	5.11745
13.2961	10.3765	3.87189
13.2961	13.3413	4.027778
13.2961	16.306	4.535762
13.2961	19.2707	4.4069
13.2961	22.2354	4.30924
13.2961	25.2002	3.875522
13.2961	28.1649	4.14583
13.2961	31.1296	3.466536
13.2961	34.0943	3.778612
13.2961	37.0591	4.860892
13.2961	40.0238	4.648996
13.2961	42.9885	4.555794
13.2961	45.9532	4.283502
13.2961	48.9179	5.370676
13.2961	51.8827	5.677048
13.2961	54.8474	4.801264
13.2961	57.8121	4.907628
13.2961	60.7768	5.583812
13.2961	63.7416	5.120854
13.2961	66.7063	3.67294
13.2961	69.671	4.323708
13.2961	72.6357	5.413688
13.2961	75.6005	5.666214
13.2961	78.5652	4.365806
13.2961	81.5299	4.719618
13.2961	84.4946	5.168084
16.2508	1.48236	4.510744
16.2508	4.44709	5.418192
16.2508	7.41181	4.994554
16.2508	10.3765	5.540302
16.2508	13.3413	4.823536
16.2508	16.306	5.483826
16.2508	19.2707	5.355178
16.2508	22.2354	4.120886
16.2508	25.2002	4.88381
16.2508	28.1649	4.342792
16.2508	31.1296	3.966106
16.2508	34.0943	5.436448
16.2508	37.0591	3.735878
16.2508	40.0238	4.851998
16.2508	42.9885	4.937242
16.2508	45.9532	5.259174
16.2508	48.9179	4.548162
16.2508	51.8827	4.873184
16.2508	54.8474	4.790914
16.2508	57.8121	4.076934
16.2508	60.7768	5.09923
16.2508	63.7416	4.904824
16.2508	66.7063	5.696646
16.2508	69.671	5.619712
16.2508	72.6357	5.639962
16.2508	75.6005	4.841676
16.2508	78.5652	5.24088
16.2508	81.5299	6.003614
16.2508	84.4946	4.35247
19.2055	1.48236	4.707244
19.2055	4.44709	4.263832
19.2055	7.41181	3.289796
19.2055	10.3765	4.926442
19.2055	13.3413	4.163472
19.2055	16.306	6.219688
19.2055	19.2707	5.336132
19.2055	22.2354	4.299244
19.2055	25.2002	4.987104
19.2055	28.1649	4.157456
19.2055	31.1296	3.931822
19.2055	34.0943	3.574904
19.2055	37.0591	4.517104
19.2055	40.0238	5.42225
19.2055	42.9885	4.64467
19.2055	45.9532	4.965176
19.2055	48.9179	4.352676
19.2055	51.8827	6.500124
19.2055	54.8474	3.442164
19.2055	57.8121	5.412172
19.2055	60.7768	4.937754
19.2055	63.7416	3.97304
19.2055	66.7063	4.253508
19.2055	69.671	4.269206
19.2055	72.6357	3.730968
19.2055	75.6005	3.910366
19.2055	78.5652	4.330634
19.2055	81.5299	4.97889
19.2055	84.4946	3.20467
22.1602	1.48236	3.48848
22.1602	4.44709	3.502276
22.1602	7.41181	4.2291388
22.1602	10.3765	3.686024
22.1602	13.3413	5.01643
22.1602	16.306	5.209346
22.1602	19.2707	4.85442
22.1602	22.2354	3.451182
22.1602	25.2002	3.463112
22.1602	28.1649	4.478526
22.1602	31.1296	4.625904
22.1602	34.0943	4.329582
22.1602	37.0591	4.641216
22.1602	40.0238	4.345794
22.1602	42.9885	3.112928
22.1602	45.9532	4.708562
22.1602	48.9179	4.753668
22.1602	51.8827	4.208578
22.1602	54.8474	4.619906
22.1602	57.8121	4.993746
22.1602	60.7768	4.920774
22.1602	63.7416	5.104872
22.1602	66.7063	3.194772
22.1602	69.671	4.219154
22.1602	72.6357	4.880984
22.1602	75.6005	4.216392
22.1602	78.5652	3.688056
22.1602	81.5299	4.013818
22.1602	84.4946	4.55702
25.115	1.48236	3.518314
25.115	4.44709	5.548014
25.115	7.41181	5.010184
25.115	10.3765	4.82735
25.115	13.3413	3.982236
25.115	16.306	4.532026
25.115	19.2707	4.416568
25.115	22.2354	3.532986
25.115	25.2002	5.179386
25.115	28.1649	3.761326
25.115	31.1296	3.354512
25.115	34.0943	4.961386
25.115	37.0591	3.798782
25.115	40.0238	4.644
25.115	42.9885	3.867032
25.115	45.9532	4.178136
25.115	48.9179	4.458344
25.115	51.8827	3.341388
25.115	54.8474	3.94349
25.115	57.8121	4.609698
25.115	60.7768	5.111086
25.115	63.7416	4.362624
25.115	66.7063	5.265066
25.115	69.671	4.644232
25.115	72.6357	6.277144
25.115	75.6005	3.997342
25.115	78.5652	4.95226
25.115	81.5299	4.57706
25.115	84.4946	3.703042
28.0696	1.48236	5.91762
28.0696	4.44709	4.171412
28.0696	7.41181	3.523058
28.0696	10.3765	4.334156
28.0696	13.3413	4.53439
28.0696	16.306	5.289012
28.0696	19.2707	4.960188
28.0696	22.2354	4.0965
28.0696	25.2002	4.413614
28.0696	28.1649	4.368608
28.0696	31.1296	4.042584
28.0696	34.0943	5.394296
28.0696	37.0591	3.875694
28.0696	40.0238	6.43533
28.0696	42.9885	3.512354
28.0696	45.9532	5.488546
28.0696	48.9179	3.843154
28.0696	51.8827	3.337216
28.0696	54.8474	4.706022
28.0696	57.8121	5.296524
28.0696	60.7768	3.813458
28.0696	63.7416	4.831444
28.0696	66.7063	5.2237
28.0696	69.671	4.936008
28.0696	72.6357	5.641572
28.0696	75.6005	3.231352
28.0696	78.5652	6.773434
28.0696	81.5299	4.61509
28.0696	84.4946	4.133376
31.0243	1.48236	4.533136
31.0243	4.44709	2.846446
31.0243	7.41181	4.86413
31.0243	10.3765	3.72982
31.0243	13.3413	5.109518
31.0243	16.306	5.666046
31.0243	19.2707	4.333822
31.0243	22.2354	4.376762
31.0243	25.2002	4.507978
31.0243	28.1649	4.672222
31.0243	31.1296	4.110814
31.0243	34.0943	4.655716
31.0243	37.0591	4.901124
31.0243	40.0238	4.416792
31.0243	42.9885	5.45031
31.0243	45.9532	4.46267
31.0243	48.9179	4.52317
31.0243	51.8827	4.64583
31.0243	54.8474	5.677362
31.0243	57.8121	2.81346
31.0243	60.7768	5.458768
31.0243	63.7416	4.754516
31.0243	66.7063	4.627248
31.0243	69.671	5.830084
31.0243	72.6357	4.656306
31.0243	75.6005	5.34769
31.0243	78.5652	4.641624
31.0243	81.5299	3.804614
31.0243	84.4946	4.70028
33.9791	1.48236	4.902846
33.9791	4.44709	4.404492
33.9791	7.41181	4.458888
33.9791	10.3765	5.379546
33.9791	13.3413	3.474574
33.9791	16.306	2.7601956
33.9791	19.2707	4.1989
33.9791	22.2354	4.594394
33.9791	25.2002	3.471946
33.9791	28.1649	4.476934
33.9791	31.1296	3.28767
33.9791	34.0943	2.84997
33.9791	37.0591	4.273008
33.9791	40.0238	3.883364
33.9791	42.9885	4.707688
33.9791	45.9532	4.613138
33.9791	48.9179	4.771404
33.9791	51.8827	4.556706
33.9791	54.8474	3.7979708
33.9791	57.8121	4.448424
33.9791	60.7768	4.581796
33.9791	63.7416	5.212742
33.9791	66.7063	5.163356
33.9791	69.671	4.634958
33.9791	72.6357	5.692482
33.9791	75.6005	4.769858
33.9791	78.5652	4.744364
33.9791	81.5299	4.65283
33.9791	84.4946	5.278894
36.9337	1.48236	6.168266
36.9337	4.44709	4.587262
36.9337	7.41181	5.542654
36.9337	10.3765	3.765322
36.9337	13.3413	4.57517
36.9337	16.306	3.065846
36.9337	19.2707	4.891922
36.9337	22.2354	5.193696
36.9337	25.2002	4.742054
36.9337	28.1649	4.18394
36.9337	31.1296	5.58368
36.9337	34.0943	4.856424
36.9337	37.0591	4.320894
36.9337	40.0238	4.445042
36.9337	42.9885	4.475282
36.9337	45.9532	5.34267
36.9337	48.9179	4.205444
36.9337	51.8827	4.219566
36.9337	54.8474	4.028752
36.9337	57.8121	5.169254
36.9337	60.7768	5.641832
36.9337	63.7416	5.506268
36.9337	66.7063	3.768084
36.9337	69.671	5.281354
36.9337	72.6357	3.160612
36.9337	75.6005	5.044218
36.9337	78.5652	3.50742
36.9337	81.5299	4.290592
36.9337	84.4946	7.070298
39.8884	1.48236	4.35873
39.8884	4.44709	4.844476
39.8884	7.41181	3.711688
39.8884	10.3765	3.783094
39.8884	13.3413	3.957472
39.8884	16.306	4.139732
39.8884	19.2707	4.103188
39.8884	22.2354	6.050196
39.8884	25.2002	5.081938
39.8884	28.1649	4.048012
39.8884	31.1296	3.97488
39.8884	34.0943	4.771308
39.8884	37.0591	4.94153
39.8884	40.0238	4.202596
39.8884	42.9885	4.610878
39.8884	45.9532	5.071226
39.8884	48.9179	4.465416
39.8884	51.8827	3.15742
39.8884	54.8474	5.332604
39.8884	57.8121	4.178472
39.8884	60.7768	5.3608
39.8884	63.7416	5.238402
39.8884	66.7063	5.10358
39.8884	69.671	3.995802
39.8884	72.6357	3.451332
39.8884	75.6005	4.042926
39.8884	78.5652	5.799706
39.8884	81.5299	4.8979
39.8884	84.4946	4.867996
42.8432	1.48236	5.08001
42.8432	4.44709	5.32068
42.8432	7.41181	3.56682
42.8432	10.3765	5.02872
42.8432	13.3413	3.764108
42.8432	16.306	4.357378
42.8432	19.2707	4.387664
42.8432	22.2354	3.999708
42.8432	25.2002	4.990842
42.8432	28.1649	5.075512
42.8432	31.1296	1.864276
42.8432	34.0943	5.341126
42.8432	37.0591	4.080322
42.8432	40.0238	4.283892
42.8432	42.9885	4.514564
42.8432	45.9532	5.037568
42.8432	48.9179	4.184564
42.8432	51.8827	3.91551
42.8432	54.8474	2.63307
42.8432	57.8121	4.440886
42.8432	60.7768	4.457812
42.8432	63.7416	3.402968
42.8432	66.7063	4.607178
42.8432	69.671	2.737512
42.8432	72.6357	4.73318
42.8432	75.6005	3.002824
42.8432	78.5652	3.1743416
42.8432	81.5299	4.290786
42.8432	84.4946	6.151282
45.7978	1.48236	4.214866
45.7978	4.44709	3.432906
45.7978	7.41181	5.542058
45.7978	10.3765	5.1488
45.7978	13.3413	5.491386
45.7978	16.306	5.066512
45.7978	19.2707	3.967966
45.7978	22.2354	5.322242
45.7978	25.2002	5.549942
45.7978	28.1649	4.755566
45.7978	31.1296	4.039618
45.7978	34.0943	4.526664
45.7978	37.0591	6.205008
45.7978	40.0238	3.540578
45.7978	42.9885	4.050772
45.7978	45.9532	5.28836
45.7978	48.9179	4.74071
45.7978	51.8827	3.38266
45.7978	54.8474	5.186432
45.7978	57.8121	3.431036
45.7978	60.7768	4.56442
45.7978	63.7416	4.861102
45.7978	66.7063	3.29529
45.7978	69.671	5.479134
45.7978	72.6357	5.33364
45.7978	75.6005	3.6623588
45.7978	78.5652	4.833636
45.7978	81.5299	3.875298
45.7978	84.4946	4.329858
48.7525	1.48236	4.982364
48.7525	4.44709	6.142098
48.7525	7.41181	5.43236
48.7525	10.3765	5.275632
48.7525	13.3413	4.005234
48.7525	16.306	5.783328
48.7525	19.2707	4.284434
48.7525	22.2354	4.726394
48.7525	25.2002	4.25142
48.7525	28.1649	5.209752
48.7525	31.1296	5.298246
48.7525	34.0943	2.80001
48.7525	37.0591	4.184732
48.7525	40.0238	5.261186
48.7525	42.9885	3.603834
48.7525	45.9532	2.570442
48.7525	48.9179	4.489972
48.7525	51.8827	5.322124
48.7525	54.8474	4.729996
48.7525	57.8121	4.10079
48.7525	60.7768	3.3856466
48.7525	63.7416	4.102262
48.7525	66.7063	4.199412
48.7525	69.671	4.80617
48.7525	72.6357	5.09674
48.7525	75.6005	3.81435
48.7525	78.5652	5.541476
48.7525	81.5299	5.163112
48.7525	84.4946	6.13635
51.7072	1.48236	3.604616
51.7072	4.44709	6.408514
51.7072	7.41181	3.030878
51.7072	10.3765	4.885866
51.7072	13.3413	3.21594
51.7072	16.306	4.787172
51.7072	19.2707	5.37537
51.7072	22.2354	3.238126
51.7072	25.2002	5.065632
51.7072	28.1649	4.896564
51.7072	31.1296	3.779146
51.7072	34.0943	3.550692
51.7072	37.0591	4.08233
51.7072	40.0238	3.453202
51.7072	42.9885	6.095206
51.7072	45.9532	3.355562
51.7072	48.9179	5.964778
51.7072	51.8827	5.586658
51.7072	54.8474	3.476432
51.7072	57.8121	3.698788
51.7072	60.7768	4.267352
51.7072	63.7416	4.941546
51.7072	66.7063	4.636014
51.7072	69.671	3.868958
51.7072	72.6357	4.54565
51.7072	75.6005	4.782424
51.7072	78.5652	4.78717
51.7072	81.5299	4.287142
51.7072	84.4946	2.839524
54.6619	1.48236	4.506262
54.6619	4.44709	4.344206
54.6619	7.41181	4.032422
54.6619	10.3765	4.829236
54.6619	13.3413	4.02376
54.6619	16.306	5.51838
54.6619	19.2707	4.522586
54.6619	22.2354	4.549626
54.6619	25.2002	4.963478
54.6619	28.1649	4.161488
54.6619	31.1296	5.838634
54.6619	34.0943	4.659328
54.6619	37.0591	6.39968
54.6619	40.0238	5.057276
54.6619	42.9885	4.979894
54.6619	45.9532	4.098006
54.6619	48.9179	4.802736
54.6619	51.8827	4.339996
54.6619	54.8474	6.029212
54.6619	57.8121	3.918878
54.6619	60.7768	4.614936
54.6619	63.7416	4.070408
54.6619	66.7063	2.816916
54.6619	69.671	4.112362
54.6619	72.6357	4.251948
54.6619	75.6005	2.8544128
54.6619	78.5652	4.785656
54.6619	81.5299	3.735428
54.6619	84.4946	3.533152
57.6166	1.48236	5.125008
57.6166	4.44709	5.070536
57.6166	7.41181	4.820004
57.6166	10.3765	5.659078
57.6166	13.3413	4.247112
57.6166	16.306	3.672116
57.6166	19.2707	5.794234
57.6166	22.2354	4.94225
57.6166	25.2002	5.084784
57.6166	28.1649	4.600868
57.6166	31.1296	4.302374
57.6166	34.0943	4.739808
57.6166	37.0591	4.44901
57.6166	40.0238	5.018346
57.6166	42.9885	5.30981
57.6166	45.9532	4.403566
57.6166	48.9179	4.628222
57.6166	51.8827	5.72491
57.6166	54.8474	5.099672
57.6166	57.8121	5.605296
57.6166	60.7768	5.3317
57.6166	63.7416	4.719834
57.6166	66.7063	5.85072
57.6166	69.671	3.59893
57.6166	72.6357	4.971946
57.6166	75.6005	3.963218
57.6166	78.5652	4.679538
57.6166	81.5299	4.481876
57.6166	84.4946	4.553164
60.5713	1.48236	3.958572
60.5713	4.44709	4.823948
60.5713	7.41181	4.55096
60.5713	10.3765	5.583752
60.5713	13.3413	4.58656
60.5713	16.306	4.110812
60.5713	19.2707	5.038484
60.5713	22.2354	3.264822
60.5713	25.2002	4.700022
60.5713	28.1649	4.71884
60.5713	31.1296	3.766806
60.5713	34.0943	4.165486
60.5713	37.0591	4.5018
60.5713	40.0238	6.01509
60.5713	42.9885	4.692808
60.5713	45.9532	5.592938
60.5713	48.9179	5.19517
60.5713	51.8827	5.485932
60.5713	54.8474	3.889526
60.5713	57.8121	4.3388454
60.5713	60.7768	2.68356
60.5713	63.7416	5.482552
60.5713	66.7063	4.014172
60.5713	69.671	4.642068
60.5713	72.6357	6.508496
60.5713	75.6005	4.346432
60.5713	78.5652	4.676736
60.5713	81.5299	4.892788
60.5713	84.4946	5.035618
63.526	1.48236	4.367858
63.526	4.44709	4.186374
63.526	7.41181	4.05594
63.526	10.3765	3.20619
63.526	13.3413	4.115108
63.526	16.306	4.985706
63.526	19.2707	4.52393
63.526	22.2354	4.081462
63.526	25.2002	4.6617
63.526	28.1649	4.535662
63.526	31.1296	3.591436
63.526	34.0943	3.776902
63.526	37.0591	5.31745
63.526	40.0238	5.008106
63.526	42.9885	4.3609676
63.526	45.9532	3.927888
63.526	48.9179	5.464958
63.526	51.8827	3.575734
63.526	54.8474	5.362144
63.526	57.8121	4.662234
63.526	60.7768	4.367454
63.526	63.7416	4.404628
63.526	66.7063	4.046542
63.526	69.671	3.60135
63.526	72.6357	5.001716
63.526	75.6005	5.669672
63.526	78.5652	4.35294
63.526	81.5299	3.1820786
63.526	84.4946	5.272356
66.4808	1.48236	2.826556
66.4808	4.44709	5.157102
66.4808	7.41181	4.712412
66.4808	10.3765	3.20581
66.4808	13.3413	5.461822
66.4808	16.306	3.52662
66.4808	19.2707	4.527608
66.4808	22.2354	4.590156
66.4808	25.2002	4.450338
66.4808	28.1649	5.580886
66.4808	31.1296	4.958734
66.4808	34.0943	5.107766
66.4808	37.0591	5.381352
66.4808	40.0238	4.966284
66.4808	42.9885	5.751728
66.4808	45.9532	4.959532
66.4808	48.9179	5.6857
66.4808	51.8827	3.88048
66.4808	54.8474	4.66125
66.4808	57.8121	5.86935
66.4808	60.7768	4.333586
66.4808	63.7416	3.280196
66.4808	66.7063	5.822938
66.4808	69.671	4.31276
66.4808	72.6357	4.815786
66.4808	75.6005	5.023864
66.4808	78.5652	4.866116
66.4808	81.5299	4.755756
66.4808	84.4946	3.713274
69.4355	1.48236	5.171056
69.4355	4.44709	3.981006
69.4355	7.41181	4.863384
69.4355	10.3765	5.092538
69.4355	13.3413	5.209006
69.4355	16.306	3.919946
69.4355	19.2707	5.745374
69.4355	22.2354	6.573294
69.4355	25.2002	5.582394
69.4355	28.1649	3.843014
69.4355	31.1296	3.923536
69.4355	34.0943	5.06587
69.4355	37.0591	5.253428
69.4355	40.0238	4.715928
69.4355	42.9885	4.138034
69.4355	45.9532	4.346636
69.4355	48.9179	5.585796
69.4355	51.8827	5.561632
69.4355	54.8474	4.26256
69.4355	57.8121	4.624292
69.4355	60.7768	4.428912
69.4355	63.7416	4.39615
69.4355	66.7063	5.462386
69.4355	69.671	4.570752
69.4355	72.6357	4.276218
69.4355	75.6005	4.515854
69.4355	78.5652	2.7744822
69.4355	81.5299	4.11774
69.4355	84.4946	4.392172
72.3901	1.48236	4.47539
72.3901	4.44709	4.128498
72.3901	7.41181	5.894158
72.3901	10.3765	5.69684
72.3901	13.3413	3.92611
72.3901	16.306	4.919126
72.3901	19.2707	4.794736
72.3901	22.2354	6.265514
72.3901	25.2002	3.762044
72.3901	28.1649	4.92829
72.3901	31.1296	4.02118
72.3901	34.0943	4.31634
72.3901	37.0591	4.891394
72.3901	40.0238	5.686372
72.3901	42.9885	3.047912
72.3901	45.9532	4.600204
72.3901	48.9179	5.277144
72.3901	51.8827	3.231474
72.3901	54.8474	3.433164
72.3901	57.8121	3.982584
72.3901	60.7768	4.193448
72.3901	63.7416	3.288244
72.3901	66.7063	2.59025
72.3901	69.671	5.745862
72.3901	72.6357	4.545304
72.3901	75.6005	2.458866
72.3901	78.5652	3.759144
72.3901	81.5299	3.617382
72.3901	84.4946	4.744554
75.3448	1.48236	3.1659664
75.3448	4.44709	3.88427
75.3448	7.41181	4.861998
75.3448	10.3765	3.535866
75.3448	13.3413	4.341124
75.3448	16.306	4.690846
75.3448	19.2707	4.733498
75.3448	22.2354	4.321764
75.3448	25.2002	3.849384
75.3448	28.1649	3.352288
75.3448	31.1296	3.988954
75.3448	34.0943	4.731368
75.3448	37.0591	4.70112
75.3448	40.0238	4.714644
75.3448	42.9885	4.73088
75.3448	45.9532	3.26415
75.3448	48.9179	5.40813
75.3448	51.8827	6.483468
75.3448	54.8474	4.92534
75.3448	57.8121	4.32056
75.3448	60.7768	4.078172
75.3448	63.7416	4.29074
75.3448	66.7063	4.009486
75.3448	69.671	3.42621
75.3448	72.6357	4.759002
75.3448	75.6005	4.304522
75.3448	78.5652	2.8006588
75.3448	81.5299	3.629126
75.3448	84.4946	2.78337
78.2995	1.48236	4.830618
78.2995	4.44709	4.405218
78.2995	7.41181	5.253406
78.2995	10.3765	5.58384
78.2995	13.3413	4.619502
78.2995	16.306	4.822384
78.2995	19.2707	4.457222
78.2995	22.2354	4.877394
78.2995	25.2002	5.999344
78.2995	28.1649	5.334278
78.2995	31.1296	5.49385
78.2995	34.0943	3.964526
78.2995	37.0591	5.421828
78.2995	40.0238	4.180468
78.2995	42.9885	4.83882
78.2995	45.9532	4.316332
78.2995	48.9179	4.648732
78.2995	51.8827	4.994722
78.2995	54.8474	4.17341
78.2995	57.8121	5.52286
78.2995	60.7768	5.372378
78.2995	63.7416	3.402588
78.2995	66.7063	4.869658
78.2995	69.671	5.043192
78.2995	72.6357	5.575824
78.2995	75.6005	5.411838
78.2995	78.5652	5.319568
78.2995	81.5299	3.6115514
78.2995	84.4946	4.332018
81.2542	1.48236	5.640058
81.2542	4.44709	4.790242
81.2542	7.41181	4.391114
81.2542	10.3765	5.869214
81.2542	13.3413	5.220278
81.2542	16.306	5.977888
81.2542	19.2707	4.588568
81.2542	22.2354	5.035544
81.2542	25.2002	4.139616
81.2542	28.1649	4.482956
81.2542	31.1296	4.332194
81.2542	34.0943	4.655142
81.2542	37.0591	5.184712
81.2542	40.0238	4.654656
81.2542	42.9885	3.405338
81.2542	45.9532	5.485892
81.2542	48.9179	5.406562
81.2542	51.8827	5.072804
81.2542	54.8474	4.99522
81.2542	57.8121	4.99823
81.2542	60.7768	4.985334
81.2542	63.7416	4.546682
81.2542	66.7063	4.589312
81.2542	69.671	5.442906
81.2542	72.6357	4.659596
81.2542	75.6005	3.997226
81.2542	78.5652	5.235622
81.2542	81.5299	5.160972
81.2542	84.4946	5.336518
